CancerModel,NormalModel,DeletedReaction,Reaction,FluxCancer,FluxNormal,FluxDifference
CT22,CN10,ADK3,10FTHFtm,-0.0083564747951641,NaN,NaN
CT22,CN10,ADK3,1a_24_25VITD3Hm,0,NaN,NaN
CT22,CN10,ADK3,1a_25VITD3Hm,0,NaN,NaN
CT22,CN10,ADK3,1a25DHVITD3TRn,0,NaN,NaN
CT22,CN10,ADK3,24_25VITD3Hm,0,NaN,NaN
CT22,CN10,ADK3,25HVITD3c,0,NaN,NaN
CT22,CN10,ADK3,25HVITD3tm,0,NaN,NaN
CT22,CN10,ADK3,25VITD3Hm,0,NaN,NaN
CT22,CN10,ADK3,2HYOXPLCte,0,NaN,NaN
CT22,CN10,ADK3,34HPPte,0,NaN,NaN
CT22,CN10,ADK3,3DSPHR,0.000377247490132015,0.000244338642876729,0.000132908847255285
CT22,CN10,ADK3,3HAD100,0.0139403737815238,0.00790038525785132,0.00603998852367247
CT22,CN10,ADK3,3HAD120,0.0139403737815238,0.00790038525785132,0.00603998852367247
CT22,CN10,ADK3,3HAD140,0.0139403737815238,0.00790038525785132,0.00603998852367247
CT22,CN10,ADK3,3HAD40,0.0139403737815238,0.00790038525785132,0.00603998852367247
CT22,CN10,ADK3,3HAD60,0.0139403737815238,0.00790038525785132,0.00603998852367247
CT22,CN10,ADK3,3HAD80,0.0139403737815238,0.00790038525785132,0.00603998852367247
CT22,CN10,ADK3,3OAR100,0.0139403737815238,0.00790038525785132,0.00603998852367247
CT22,CN10,ADK3,3OAR120,0.0139403737815238,0.00790038525785132,0.00603998852367247
CT22,CN10,ADK3,3OAR140,0.0139403737815238,0.00790038525785132,0.00603998852367247
CT22,CN10,ADK3,3OAR40,0.0139403737815238,0.00790038525785132,0.00603998852367247
CT22,CN10,ADK3,3OAR60,0.0139403737815238,0.00790038525785132,0.00603998852367247
CT22,CN10,ADK3,3OAR80,0.0139403737815238,0.00790038525785132,0.00603998852367247
CT22,CN10,ADK3,3OAS100,0.0139403737815238,0.00790038525785132,0.00603998852367247
CT22,CN10,ADK3,3OAS120,0.0139403737815238,0.00790038525785132,0.00603998852367247
CT22,CN10,ADK3,3OAS140,0.0139403737815238,0.00790038525785132,0.00603998852367247
CT22,CN10,ADK3,3OAS60,0.0139403737815238,0.00790038525785132,0.00603998852367247
CT22,CN10,ADK3,3OAS80,0.0139403737815238,0.00790038525785132,0.00603998852367247
CT22,CN10,ADK3,4HPROLTASCT1,0,NaN,NaN
CT22,CN10,ADK3,4MPTNLte,0,0,0
CT22,CN10,ADK3,4MPTNLtm,0,0,0
CT22,CN10,ADK3,4OHPROIMINOtc,0,NaN,NaN
CT22,CN10,ADK3,5AOPtm,0,0,0
CT22,CN10,ADK3,7DHCHSTEROLtr,0,NaN,NaN
CT22,CN10,ADK3,A_MANASEly,0,NaN,NaN
CT22,CN10,ADK3,ABO1g,0,0,0
CT22,CN10,ADK3,ABO2g,0,0,0
CT22,CN10,ADK3,ACACLACte,0.254269255728786,NaN,NaN
CT22,CN10,ADK3,ACACPYRte,-0.254269255728786,NaN,NaN
CT22,CN10,ADK3,ACACT1rm,0.00264081872796851,0.00171042639362895,0.000930392334339558
CT22,CN10,ADK3,ACALDt,0,NaN,NaN
CT22,CN10,ADK3,ACCOAC,0.0836422426891427,0.0553026968049592,0.0283395458841835
CT22,CN10,ADK3,ACGAM2E,0,0,0
CT22,CN10,ADK3,ACGAM6PSi,0,0,0
CT22,CN10,ADK3,ACGAMPM,0,0,0
CT22,CN10,ADK3,ACGAMtly,0,0,0
CT22,CN10,ADK3,ACITL,0.0975826164706666,NaN,NaN
CT22,CN10,ADK3,ACMAT1,0.0139403737815238,0.00790038525785132,0.00603998852367247
CT22,CN10,ADK3,ACNAM9PL,0,0,0
CT22,CN10,ADK3,ACNAMlt,0,0,0
CT22,CN10,ADK3,ACNAMPH,0,0,0
CT22,CN10,ADK3,ACOATA,0.0139403737815238,0.00790038525785132,0.00603998852367247
CT22,CN10,ADK3,ACOATE100,0,NaN,NaN
CT22,CN10,ADK3,ACOATE100p,0,NaN,NaN
CT22,CN10,ADK3,ACOATE120,0,NaN,NaN
CT22,CN10,ADK3,ACOATE120p,0,NaN,NaN
CT22,CN10,ADK3,ACOATE140p,0,NaN,NaN
CT22,CN10,ADK3,ACOATE160p,0,NaN,NaN
CT22,CN10,ADK3,ACOATE161p,0,NaN,NaN
CT22,CN10,ADK3,ACOATE180,0,NaN,NaN
CT22,CN10,ADK3,ACOATE180p,0,NaN,NaN
CT22,CN10,ADK3,ACOATE1812,0,NaN,NaN
CT22,CN10,ADK3,ACOATE18121p,0,NaN,NaN
CT22,CN10,ADK3,ACOATE18122p,0,NaN,NaN
CT22,CN10,ADK3,ACOATE1813p,0,NaN,NaN
CT22,CN10,ADK3,ACOATE181p,0,NaN,NaN
CT22,CN10,ADK3,ACOATE1822p,0,NaN,NaN
CT22,CN10,ADK3,ACOATE1831,0,NaN,NaN
CT22,CN10,ADK3,ACOATE1831p,0,NaN,NaN
CT22,CN10,ADK3,ACOATE1832p,0,NaN,NaN
CT22,CN10,ADK3,ACOATE184,0,NaN,NaN
CT22,CN10,ADK3,ACOATE184p,0,NaN,NaN
CT22,CN10,ADK3,ACOATE80,0,NaN,NaN
CT22,CN10,ADK3,ACOATE80p,0,NaN,NaN
CT22,CN10,ADK3,ACOD,0,-0.00513127918100054,0.00513127918100054
CT22,CN10,ADK3,ACONTam,-0.0975826164706177,0,-0.0975826164706177
CT22,CN10,ADK3,ACONTbm,0.0975826164706177,0.00513127918100054,0.0924513372896172
CT22,CN10,ADK3,ADEt,0,NaN,NaN
CT22,CN10,ADK3,ADHAPtx,0,NaN,NaN
CT22,CN10,ADK3,ADK1,0.156197470676734,0.205769776422171,-0.049572305745437
CT22,CN10,ADK3,ADKd,0.00424712400605534,NaN,NaN
CT22,CN10,ADK3,ADNCYC,0,NaN,NaN
CT22,CN10,ADK3,ADNK3,0,NaN,NaN
CT22,CN10,ADK3,ADPT,0,0,0
CT22,CN10,ADK3,ADSK,0,0,0
CT22,CN10,ADK3,ADSL1,0.00318549787689966,0.163390131618667,-0.160204633741767
CT22,CN10,ADK3,ADSL2,0.00417823739756903,0.0452342995530455,-0.0410560621554764
CT22,CN10,ADK3,ADSS,0.00318549787689966,0.163390131618667,-0.160204633741767
CT22,CN10,ADK3,AG13T16g,0,0,0
CT22,CN10,ADK3,AG13T17g,0,0,0
CT22,CN10,ADK3,AG13T18g,0,0,0
CT22,CN10,ADK3,AGLPC,0,NaN,NaN
CT22,CN10,ADK3,AGLPH,0,NaN,NaN
CT22,CN10,ADK3,AGLPR,0,NaN,NaN
CT22,CN10,ADK3,AGLPT,0,NaN,NaN
CT22,CN10,ADK3,AGPAT1,0.00572166603928465,0.00370585398604893,0.00201581205323571
CT22,CN10,ADK3,AGPex,0,NaN,NaN
CT22,CN10,ADK3,AGPSx,0,NaN,NaN
CT22,CN10,ADK3,AHC,0,0,0
CT22,CN10,ADK3,AHCYStn,-0.00358395902753728,0,-0.00358395902753728
CT22,CN10,ADK3,AHEXASEly,0,NaN,NaN
CT22,CN10,ADK3,AICART,0.00417823739758205,0.0452342995530444,-0.0410560621554623
CT22,CN10,ADK3,AIRCr,0.00417823739758205,0.0452342995530444,-0.0410560621554623
CT22,CN10,ADK3,AK2LGCHOLt,0,NaN,NaN
CT22,CN10,ADK3,AKGDa1,0,0.184921485905057,-0.184921485905057
CT22,CN10,ADK3,AKGDa2,0,0.184921485905079,-0.184921485905079
CT22,CN10,ADK3,AKGDb,0,-0.184921485905079,0.184921485905079
CT22,CN10,ADK3,AKGSUCCtm,0.0975826164706177,NaN,NaN
CT22,CN10,ADK3,ALABte,0.092536008990578,NaN,NaN
CT22,CN10,ADK3,ALASm,0,0,0
CT22,CN10,ADK3,ALAt4,1000,1000,0
CT22,CN10,ADK3,ALAtN1,-999.989091407501,-1000,0.0109085924989358
CT22,CN10,ADK3,ALATRS,0.010908592498882,0.00706536360504178,0.00384322889384021
CT22,CN10,ADK3,AMANK,0,0,0
CT22,CN10,ADK3,AMETEPMT,-0.00119465300917909,-0.000773762324797644,-0.000420890684381447
CT22,CN10,ADK3,AMETt2m,0,0,0
CT22,CN10,ADK3,AMETtn,0.00358395902753728,0,0.00358395902753728
CT22,CN10,ADK3,AMPPTe,0,NaN,NaN
CT22,CN10,ADK3,ARGCITRt2m,0,NaN,NaN
CT22,CN10,ADK3,ARGCITRtm,0,NaN,NaN
CT22,CN10,ADK3,ARGHISt2m,0,NaN,NaN
CT22,CN10,ADK3,ARGHIStm,0,NaN,NaN
CT22,CN10,ADK3,ARGLYSex,0.00775076823200432,NaN,NaN
CT22,CN10,ADK3,ARGLYStm,0,NaN,NaN
CT22,CN10,ADK3,ARGORNtm,0,NaN,NaN
CT22,CN10,ADK3,ARGtm,0,NaN,NaN
CT22,CN10,ADK3,ARGTRS,0.00775076823200432,0.00502007896831143,0.00273068926369289
CT22,CN10,ADK3,ARSA,0,NaN,NaN
CT22,CN10,ADK3,ASCBt,0,NaN,NaN
CT22,CN10,ADK3,ASCBtr,0,0,0
CT22,CN10,ADK3,Asn_X_Ser/Thrtr,0,NaN,NaN
CT22,CN10,ADK3,ASNt4,998.266785276398,0.00390444376030056,998.262880832638
CT22,CN10,ADK3,ASNtN1,-998.260756996992,NaN,NaN
CT22,CN10,ADK3,ASNTRS,0.00602827940596406,0.00390444376030056,0.00212383564566349
CT22,CN10,ADK3,ASP1DC,0.0925360089906253,0,0.0925360089906253
CT22,CN10,ADK3,ASPCTr,0.00248136338086624,0.00160714909134185,0.000874214289524389
CT22,CN10,ADK3,ASPTA,-0.0975826164706177,NaN,NaN
CT22,CN10,ADK3,ASPte,-0.0124057905859445,NaN,NaN
CT22,CN10,ADK3,ASPTRS,0.00760729941069711,0.00492715594560011,0.002680143465097
CT22,CN10,ADK3,ATP1ter,0,0,0
CT22,CN10,ADK3,ATPADPtp,0,NaN,NaN
CT22,CN10,ADK3,ATPAMPtp,0,NaN,NaN
CT22,CN10,ADK3,ATPS4m,0.00372204507127419,0.97344731837624,-0.969725273304965
CT22,CN10,ADK3,ATPtm,0.00400447369379039,0.97344731837624,-0.969442844682449
CT22,CN10,ADK3,B_MANNASEly,0,NaN,NaN
CT22,CN10,ADK3,B3GALT41g,0,0,0
CT22,CN10,ADK3,B3GALT42g,0,0,0
CT22,CN10,ADK3,B3GALT43g,0,0,0
CT22,CN10,ADK3,B3GALT44g,0,0,0
CT22,CN10,ADK3,B3GALTg,0,0,0
CT22,CN10,ADK3,B3GNT39g,0,0,0
CT22,CN10,ADK3,B3GNT51g,0,0,0
CT22,CN10,ADK3,BDMT,0,0,0
CT22,CN10,ADK3,BETALDHxm,0,NaN,NaN
CT22,CN10,ADK3,BHMT,0,NaN,NaN
CT22,CN10,ADK3,BILDGLCURt,0,NaN,NaN
CT22,CN10,ADK3,BILDGLCURtr,0,NaN,NaN
CT22,CN10,ADK3,BILGLCURt,0,NaN,NaN
CT22,CN10,ADK3,BILGLCURte,0,NaN,NaN
CT22,CN10,ADK3,BILIRED2,0,0,0
CT22,CN10,ADK3,BILIRUBt2,0,NaN,NaN
CT22,CN10,ADK3,BILIRUBtr,0,0,0
CT22,CN10,ADK3,BPNT,0,0,0
CT22,CN10,ADK3,C14STRr,0.000440136454699314,0.000285071065604825,0.000155065389094489
CT22,CN10,ADK3,C3STDH1Pr,0.000440136454659912,0.0002850710656141,0.000155065389045812
CT22,CN10,ADK3,C3STKR2r,0.000440136454659912,0.0002850710656141,0.000155065389045812
CT22,CN10,ADK3,C4STMO1r,0.000440136454659912,0.0002850710656141,0.000155065389045812
CT22,CN10,ADK3,C4STMO2Pr,0.000440136454659912,0.0002850710656141,0.000155065389045812
CT22,CN10,ADK3,CACT6r,0,-0.00790038525781256,0.00790038525781256
CT22,CN10,ADK3,CBPS,0.00248136338084946,0.00497607677304572,-0.00249471339219626
CT22,CN10,ADK3,CCA_D3t,0,NaN,NaN
CT22,CN10,ADK3,CCA_D3tm,0,NaN,NaN
CT22,CN10,ADK3,CDIPTr,0.000503003844983141,0.00700158906738579,-0.00649858522240265
CT22,CN10,ADK3,CDPRBTLtg,0,0,0
CT22,CN10,ADK3,CDPtg,0,0,0
CT22,CN10,ADK3,CDS,0.00106889665438583,0.00736811100505134,-0.00629921435066551
CT22,CN10,ADK3,CEPTC,0.00503001687503083,0.00692013819526151,-0.00189012132023068
CT22,CN10,ADK3,CERT2gt,0,0,0
CT22,CN10,ADK3,CHLPCTD,0.00503001687503083,0.00692013819526151,-0.00189012132023068
CT22,CN10,ADK3,CHLtm,0,0,0
CT22,CN10,ADK3,CHOLATEt,0,NaN,NaN
CT22,CN10,ADK3,CHOLATEt3,0,0,0
CT22,CN10,ADK3,CHOLD2m,0,NaN,NaN
CT22,CN10,ADK3,CHOLK,0.00622466988421361,0.00769390052001594,-0.00146923063580233
CT22,CN10,ADK3,CHOLtu,0.0049042605202203,NaN,NaN
CT22,CN10,ADK3,CHSTEROLt2,0.000440136454699314,0.000285071065604825,0.000155065389094489
CT22,CN10,ADK3,CHSTEROLt3,-0.000440136454699314,-0.000285071065604825,-0.000155065389094489
CT22,CN10,ADK3,CITMCOAHm,0,0.00513127918100054,-0.00513127918100054
CT22,CN10,ADK3,CITMCOALm,0,0.0051312791810538,-0.0051312791810538
CT22,CN10,ADK3,CITRHIStm,0,NaN,NaN
CT22,CN10,ADK3,CITRt2m,-1000,-1000,0
CT22,CN10,ADK3,CITRtm,-499.947603616931,1000,-1499.94760361693
CT22,CN10,ADK3,CITSUCCtm,-0.0975826164706177,NaN,NaN
CT22,CN10,ADK3,CITt4_2,1000,0,1000
CT22,CN10,ADK3,CITt4_3,-1000,-1000,0
CT22,CN10,ADK3,CK,0,0,0
CT22,CN10,ADK3,CLFORtex,0.00201204774110413,0,0.00201204774110413
CT22,CN10,ADK3,CLHCO3tex2,0.00180083805855705,0,0.00180083805855705
CT22,CN10,ADK3,CLOXAtex2,0,0,0
CT22,CN10,ADK3,CLS_hs,0.000251512709610324,0.000162901744147348,8.86109654629763e-05
CT22,CN10,ADK3,CMPACNAtg,0,0,0
CT22,CN10,ADK3,CMPSAS,0,0,0
CT22,CN10,ADK3,CO2ter,-0.00088027290928494,-0.011839455070799,0.010959182161514
CT22,CN10,ADK3,CO2tg,0,0,0
CT22,CN10,ADK3,CO2tm,0.0975826164706177,-0.278387180868208,0.375969797338826
CT22,CN10,ADK3,COAtm,0.00264081872796851,0.00171042639362895,0.000930392334339558
CT22,CN10,ADK3,COAtp,0,0,0
CT22,CN10,ADK3,COAtr,0,NaN,NaN
CT22,CN10,ADK3,CORE3GTg,0,0,0
CT22,CN10,ADK3,CORE4GTg,0,0,0
CT22,CN10,ADK3,COt,0,0,0
CT22,CN10,ADK3,CPPPGO,0,0,0
CT22,CN10,ADK3,CREATt4_2_r,1000,1000,0
CT22,CN10,ADK3,CREATte,1000,1000,0
CT22,CN10,ADK3,CREATtmdiffir,0,0,0
CT22,CN10,ADK3,CRNtr,0,-1000,1000
CT22,CN10,ADK3,CRTNsyn,0,0,0
CT22,CN10,ADK3,CRTNte,0,0,0
CT22,CN10,ADK3,CTPS1,0.00104587692020015,0.0148337143303218,-0.0137878374101216
CT22,CN10,ADK3,CYOOm2,0.00124068169042473,0.195010893493508,-0.193770211803083
CT22,CN10,ADK3,CYOR_u10m,0.00248136338084946,0.390021786987016,-0.387540423606166
CT22,CN10,ADK3,CYP2R1,0,NaN,NaN
CT22,CN10,ADK3,CYSGLTH,0,NaN,NaN
CT22,CN10,ADK3,CYSRED,0,NaN,NaN
CT22,CN10,ADK3,CYSt4,0.00274728153127668,0.0682231750045089,-0.0654758934732322
CT22,CN10,ADK3,CYSTRS,0.00100473480858619,0.000650754600103635,0.000353980208482551
CT22,CN10,ADK3,CYTK8,0.00784146025210715,NaN,NaN
CT22,CN10,ADK3,D_LACt2,0,0,0
CT22,CN10,ADK3,DADK3,-0.00424712400604221,NaN,NaN
CT22,CN10,ADK3,DAGt,0,0,0
CT22,CN10,ADK3,DATPtn,0.00028441345432384,0.000184211159194092,0.000100202295129748
CT22,CN10,ADK3,DCTPtn,0.000203704151999773,0.000131936718844372,7.17674331554008e-05
CT22,CN10,ADK3,DESAT16_1,0,0.00790038525785132,-0.00790038525785132
CT22,CN10,ADK3,DESAT18_1,0,0,0
CT22,CN10,ADK3,DGAT,0,0,0
CT22,CN10,ADK3,DGCHOLabc,0,NaN,NaN
CT22,CN10,ADK3,DGCHOLt2e,0,NaN,NaN
CT22,CN10,ADK3,DGTPtn,0.000213542014080303,0.000138308583245816,7.52334308344871e-05
CT22,CN10,ADK3,DHAPA,0,NaN,NaN
CT22,CN10,ADK3,DHCR242r,0,NaN,NaN
CT22,CN10,ADK3,DHCR243r,0.000440136454659912,0.0002850710656141,0.000155065389045812
CT22,CN10,ADK3,DHCR71r,0.000440136454659912,0.0002850710656141,0.000155065389045812
CT22,CN10,ADK3,DHCRD1,0.000377247490132015,0.000244338642876729,0.000132908847255285
CT22,CN10,ADK3,DHEASt,1000,NaN,NaN
CT22,CN10,ADK3,DHEASt5e,-1000,NaN,NaN
CT22,CN10,ADK3,DHEASULT,0,NaN,NaN
CT22,CN10,ADK3,DHFR,0.0815861141142022,0.100182925607555,-0.018596811493353
CT22,CN10,ADK3,DHFRm,-0.0813036854916618,NaN,NaN
CT22,CN10,ADK3,DHFtm,-0.0813036854916618,NaN,NaN
CT22,CN10,ADK3,DHORD9,0.00248136338084946,0.00160714909129973,0.000874214289549733
CT22,CN10,ADK3,DHORTS,-0.00248136338086624,-0.00160714909134185,-0.000874214289524389
CT22,CN10,ADK3,DHPR,0,NaN,NaN
CT22,CN10,ADK3,DLCLAT,0,NaN,NaN
CT22,CN10,ADK3,DLD,0,0.184921485905079,-0.184921485905079
CT22,CN10,ADK3,DM_1a25dhvitd3[n],0,NaN,NaN
CT22,CN10,ADK3,DM_adystroglycan,0,0,0
CT22,CN10,ADK3,DM_atp[c],0,0,0
CT22,CN10,ADK3,DM_n5m2masn[g],0,NaN,NaN
CT22,CN10,ADK3,DMATTx,0.000880272909319825,0.0005701421312282,0.000310130778091625
CT22,CN10,ADK3,DMGDHm,0,NaN,NaN
CT22,CN10,ADK3,DMGtm,0,NaN,NaN
CT22,CN10,ADK3,DNDPt42m,0.000282428622516196,NaN,NaN
CT22,CN10,ADK3,DNPH2,0,NaN,NaN
CT22,CN10,ADK3,DOLASNTer,0,0,0
CT22,CN10,ADK3,DOLDPPer,0,0,0
CT22,CN10,ADK3,DOLGLCP_ter,0,0,0
CT22,CN10,ADK3,DOLMANP_ter,0,0,0
CT22,CN10,ADK3,DOLP_ter,0,0,0
CT22,CN10,ADK3,DOLPGT1er,0,0,0
CT22,CN10,ADK3,DOLPGT2er,0,0,0
CT22,CN10,ADK3,DOLPGT3er,0,0,0
CT22,CN10,ADK3,DOLPMT,0,0,0
CT22,CN10,ADK3,DOLPMT1er,0,0,0
CT22,CN10,ADK3,DOLPMT2_er,0,0,0
CT22,CN10,ADK3,DOLPMT3er,0,0,0
CT22,CN10,ADK3,DOLPMT4_er,0,0,0
CT22,CN10,ADK3,DOLPOMTr,0,0,0
CT22,CN10,ADK3,DPCOAK,0.00174254672269049,NaN,NaN
CT22,CN10,ADK3,DPMVDc,0.00264081872795947,0.0017104263936846,0.000930392334274874
CT22,CN10,ADK3,DRPA,0,0,0
CT22,CN10,ADK3,DSAT,0.000377247490132015,0.000244338642876729,0.000132908847255285
CT22,CN10,ADK3,DTMPK,0.000282428622516196,0.000182925607566011,9.95030149501853e-05
CT22,CN10,ADK3,DTTPtn,0.000282428622540465,0.000182925607532525,9.95030150079401e-05
CT22,CN10,ADK3,DUMPtm,0.000282428622516196,NaN,NaN
CT22,CN10,ADK3,DUTPDPm,0.000282428622516196,NaN,NaN
CT22,CN10,ADK3,EAR100y,0.0139403737815238,0.00790038525785132,0.00603998852367247
CT22,CN10,ADK3,EAR120y,0.0139403737815238,0.00790038525785132,0.00603998852367247
CT22,CN10,ADK3,EAR140y,0.0139403737815238,0.00790038525785132,0.00603998852367247
CT22,CN10,ADK3,EAR40y,0.0139403737815238,0.00790038525785132,0.00603998852367247
CT22,CN10,ADK3,EAR60y,0.0139403737815238,0.00790038525785132,0.00603998852367247
CT22,CN10,ADK3,EAR80y,0.0139403737815238,0.00790038525785132,0.00603998852367247
CT22,CN10,ADK3,EBP1r,0.000440136454659912,0.0002850710656141,0.000155065389045812
CT22,CN10,ADK3,ENGASEly,0,NaN,NaN
CT22,CN10,ADK3,ENO,1.97928066020256,0.0212726012254052,1.95800805897716
CT22,CN10,ADK3,ESTRADIOLGLCt,0,NaN,NaN
CT22,CN10,ADK3,ESTRADIOLGLCtabc,0,NaN,NaN
CT22,CN10,ADK3,ESTRONESt,-1000,NaN,NaN
CT22,CN10,ADK3,ESTRONESt5e,1000,NaN,NaN
CT22,CN10,ADK3,ETHP,0.00119465300918278,0.000773762324754432,0.000420890684428352
CT22,CN10,ADK3,EX_2hyoxplac(e),0,NaN,NaN
CT22,CN10,ADK3,EX_34hpp(e),0,NaN,NaN
CT22,CN10,ADK3,EX_4mptnl(e),0,0,0
CT22,CN10,ADK3,EX_acald(e),0,NaN,NaN
CT22,CN10,ADK3,EX_acgam(e),0,0,0
CT22,CN10,ADK3,EX_ak2lgchol_hs(e),0,NaN,NaN
CT22,CN10,ADK3,EX_ala_B(e),0.0925360089906253,0,0.0925360089906253
CT22,CN10,ADK3,EX_ala_L(e),-0.0109085924989358,0.0599282800146058,-0.0708368725135417
CT22,CN10,ADK3,EX_amp(e),0,NaN,NaN
CT22,CN10,ADK3,EX_arg_L(e),-0.00775076823200432,-0.0530213257098711,0.0452705574778668
CT22,CN10,ADK3,EX_ascb_L(e),0,0,0
CT22,CN10,ADK3,EX_asn_L(e),-0.00602827940599582,-0.00390444376030057,-0.00212383564569525
CT22,CN10,ADK3,EX_asp_L(e),-0.012405790585974,-0.1,0.087594209414026
CT22,CN10,ADK3,EX_bildglcur(e),0,0,0
CT22,CN10,ADK3,EX_cca_d3(e),0,NaN,NaN
CT22,CN10,ADK3,EX_chol(e),-0.00490426052023388,-0.00317643030417122,-0.00172783021606265
CT22,CN10,ADK3,EX_co(e),0,0,0
CT22,CN10,ADK3,EX_crtn(e),0,0,0
CT22,CN10,ADK3,EX_cys_L(e),-0.00274728153127668,-0.000650754600103637,-0.00209652693117304
CT22,CN10,ADK3,EX_for(e),0.00402409548220827,0.000285071065604825,0.00373902441660344
CT22,CN10,ADK3,EX_fuc_L(e),0,NaN,NaN
CT22,CN10,ADK3,EX_fuc14galacglcgalgluside_hs(e),0,0,0
CT22,CN10,ADK3,EX_fucacgalfucgalacglcgalgluside_hs(e),0,0,0
CT22,CN10,ADK3,EX_fucacngalacglcgalgluside_hs(e),0,0,0
CT22,CN10,ADK3,EX_fucfucgalacglcgalgluside_hs(e),0,0,0
CT22,CN10,ADK3,EX_fucgalfucgalacglcgalgluside_hs(e),0,0,0
CT22,CN10,ADK3,EX_gal(e),0,0.975542682252012,-0.975542682252012
CT22,CN10,ADK3,EX_gd1c_hs(e),0,0,0
CT22,CN10,ADK3,EX_glc(e),-1,-1,0
CT22,CN10,ADK3,EX_glcur(e),0,0,0
CT22,CN10,ADK3,EX_gln_L(e),-0.0188637860795779,-0.1,0.0811362139204221
CT22,CN10,ADK3,EX_glu_L(e),-0.0976608570613796,-0.1,0.00233914293862041
CT22,CN10,ADK3,EX_gly(e),0.000756969855957176,0.101090188770955,-0.100333218914998
CT22,CN10,ADK3,EX_gp1calpha_hs(e),0,0,0
CT22,CN10,ADK3,EX_gq1b_hs(e),0,NaN,NaN
CT22,CN10,ADK3,EX_gt1a_hs(e),0,0,0
CT22,CN10,ADK3,EX_h(e),1.77174258364641,-999.617984702575,1001.38972728622
CT22,CN10,ADK3,EX_h2o(e),0.347298563229742,999.930008684946,-999.582710121716
CT22,CN10,ADK3,EX_h2o2(e),0,0.0538784043538722,-0.0538784043538722
CT22,CN10,ADK3,EX_his_L(e),-0.00272720206021404,-0.00176637583472763,-0.000960826225486405
CT22,CN10,ADK3,EX_ile_L(e),-0.0061719639698597,-0.1,0.0938280360301403
CT22,CN10,ADK3,EX_inost(e),-0.000503003844928962,-0.000325789514964592,-0.00017721432996437
CT22,CN10,ADK3,EX_lac_L(e),1.72501140447378,0,1.72501140447378
CT22,CN10,ADK3,EX_leu_L(e),-0.0117696211693137,-0.00762304147517848,-0.00414657969413522
CT22,CN10,ADK3,EX_Lhcystin(e),0,0,0
CT22,CN10,ADK3,EX_lys_L(e),-0.012774334403641,-0.00827378210189524,-0.0045005523017458
CT22,CN10,ADK3,EX_mal_L(e),0.00736373527446869,NaN,NaN
CT22,CN10,ADK3,EX_met_L(e),-0.00330129308818489,-0.00213820765944167,-0.00116308542874322
CT22,CN10,ADK3,EX_nac(e),0.00665960077841837,0.0468414486443452,-0.0401818478659268
CT22,CN10,ADK3,EX_ncam(e),-0.00665960077841837,-0.0468414486443452,0.0401818478659268
CT22,CN10,ADK3,EX_nh4(e),0.00561372385823233,0.221567210896751,-0.215953487038519
CT22,CN10,ADK3,EX_o2(e),-0.00878586880992316,-0.261676609670076,0.252890740860153
CT22,CN10,ADK3,EX_orn(e),0,NaN,NaN
CT22,CN10,ADK3,EX_phacgly(e),0,NaN,NaN
CT22,CN10,ADK3,EX_phe_L(e),-0.00559787294204242,-0.00362567469216658,-0.00197219824987584
CT22,CN10,ADK3,EX_pi(e),0.0170708018216601,0.0144424315508331,0.00262837027082696
CT22,CN10,ADK3,EX_pnto_R(e),-0.00174254672269049,NaN,NaN
CT22,CN10,ADK3,EX_prgstrn(e),0,0,0
CT22,CN10,ADK3,EX_pro_L(e),-0.00889895028763887,-0.013664127875586,0.00476517758794714
CT22,CN10,ADK3,EX_prpp(e),0,NaN,NaN
CT22,CN10,ADK3,EX_pyr(e),0.25426925572882,0.0528759317497816,0.201393323979039
CT22,CN10,ADK3,EX_ser_L(e),-0.0140264920587521,-0.0964622877782271,0.082435795719475
CT22,CN10,ADK3,EX_sphs1p(e),0,0,0
CT22,CN10,ADK3,EX_thr_L(e),-0.0146685111815554,-0.0675724204044052,0.0529039092228498
CT22,CN10,ADK3,EX_trp_L(e),-0.000287067088167475,-0.000185929885743896,-0.000101137202423579
CT22,CN10,ADK3,EX_trpiletrp(e),0,NaN,NaN
CT22,CN10,ADK3,EX_tyr_L(e),-0.0034447619094921,-0.0045524176564163,0.0011076557469242
CT22,CN10,ADK3,EX_ump(e),0,NaN,NaN
CT22,CN10,ADK3,EX_urate(e),0,0.0436567321217576,-0.0436567321217576
CT22,CN10,ADK3,EX_val_L(e),-0.00760729941069711,-0.1,0.0923927005893029
CT22,CN10,ADK3,F6T3g,0,NaN,NaN
CT22,CN10,ADK3,FA140ACPH,0.0139403737815238,0.00790038525785132,0.00603998852367247
CT22,CN10,ADK3,FACOAL100i,0,NaN,NaN
CT22,CN10,ADK3,FACOAL100ix,0,NaN,NaN
CT22,CN10,ADK3,FACOAL120i,0,NaN,NaN
CT22,CN10,ADK3,FACOAL120ix,0,NaN,NaN
CT22,CN10,ADK3,FACOAL140i,0.0139403737815238,0.00790038525785132,0.00603998852367247
CT22,CN10,ADK3,FACOAL140x,0,NaN,NaN
CT22,CN10,ADK3,FACOAL160i,0,NaN,NaN
CT22,CN10,ADK3,FACOAL160x,0,NaN,NaN
CT22,CN10,ADK3,FACOAL161,0,NaN,NaN
CT22,CN10,ADK3,FACOAL161x,0,NaN,NaN
CT22,CN10,ADK3,FACOAL180i,0,NaN,NaN
CT22,CN10,ADK3,FACOAL180x,0,NaN,NaN
CT22,CN10,ADK3,FACOAL1812x,0,NaN,NaN
CT22,CN10,ADK3,FACOAL1813,0,NaN,NaN
CT22,CN10,ADK3,FACOAL1813x,0,NaN,NaN
CT22,CN10,ADK3,FACOAL181i,0,NaN,NaN
CT22,CN10,ADK3,FACOAL181x,0,NaN,NaN
CT22,CN10,ADK3,FACOAL1821,0,NaN,NaN
CT22,CN10,ADK3,FACOAL1821x,0,NaN,NaN
CT22,CN10,ADK3,FACOAL1822x,0,NaN,NaN
CT22,CN10,ADK3,FACOAL1831,0,NaN,NaN
CT22,CN10,ADK3,FACOAL1831x,0,NaN,NaN
CT22,CN10,ADK3,FACOAL1832,0,NaN,NaN
CT22,CN10,ADK3,FACOAL1832x,0,NaN,NaN
CT22,CN10,ADK3,FACOAL184,0,NaN,NaN
CT22,CN10,ADK3,FACOAL184x,0,NaN,NaN
CT22,CN10,ADK3,FACOAL80i,0,NaN,NaN
CT22,CN10,ADK3,FACOAL80x,0,NaN,NaN
CT22,CN10,ADK3,FADDPle,0,0,0
CT22,CN10,ADK3,FADte,0,0,0
CT22,CN10,ADK3,FAE180,0,0,0
CT22,CN10,ADK3,FALDtm,0,NaN,NaN
CT22,CN10,ADK3,FALDtx,0,NaN,NaN
CT22,CN10,ADK3,FAR,0,NaN,NaN
CT22,CN10,ADK3,FBA,0.995560266147777,NaN,NaN
CT22,CN10,ADK3,FCLTm,0,0,0
CT22,CN10,ADK3,FCYTOB5OXRyr,0.000440136454659912,NaN,NaN
CT22,CN10,ADK3,FE2tm,0,0,0
CT22,CN10,ADK3,FMNALKPle,0,0,0
CT22,CN10,ADK3,FMNAT,0,0,0
CT22,CN10,ADK3,FORtr,-0.000440136454699314,-0.000285071065604825,-0.000155065389094489
CT22,CN10,ADK3,FRDPtr,0.00088027290928494,0.00057014213120965,0.00031013077807529
CT22,CN10,ADK3,FRUt1r,-1000,NaN,NaN
CT22,CN10,ADK3,FRUt4,1000,NaN,NaN
CT22,CN10,ADK3,FUC14GALACGLCGALGLUSIDEte,0,0,0
CT22,CN10,ADK3,FUC14GALACGLCGALGLUSIDEtg,0,0,0
CT22,CN10,ADK3,FUCACGALFUCGALACGLCGALGLUSIDEte,0,0,0
CT22,CN10,ADK3,FUCACGALFUCGALACGLCGALGLUSIDEtg,0,0,0
CT22,CN10,ADK3,FUCACNGALACGLCGALGLUSIDEte,0,0,0
CT22,CN10,ADK3,FUCACNGALACGLCGALGLUSIDEtg,0,0,0
CT22,CN10,ADK3,FUCASEe,0,NaN,NaN
CT22,CN10,ADK3,FUCFUCGALACGLCGALGLUSIDEte,0,0,0
CT22,CN10,ADK3,FUCFUCGALACGLCGALGLUSIDEtg,0,0,0
CT22,CN10,ADK3,FUCGALFUCGALACGLCGALGLUSIDEte,0,0,0
CT22,CN10,ADK3,FUCGALFUCGALACGLCGALGLUSIDEtg,0,0,0
CT22,CN10,ADK3,FUM,0.00736373527445267,0.208624431171756,-0.201260695897304
CT22,CN10,ADK3,FUT12g,0,0,0
CT22,CN10,ADK3,FUT31g,0,0,0
CT22,CN10,ADK3,FUT32g,0,0,0
CT22,CN10,ADK3,FUT33g,0,0,0
CT22,CN10,ADK3,FUT34g,0,0,0
CT22,CN10,ADK3,FUT35g,0,0,0
CT22,CN10,ADK3,G12MT1,0,0,0
CT22,CN10,ADK3,G12MT2,0,0,0
CT22,CN10,ADK3,G13MT,0,0,0
CT22,CN10,ADK3,G14T18g,0,0,0
CT22,CN10,ADK3,G14T19g,0,0,0
CT22,CN10,ADK3,G14T20g,0,0,0
CT22,CN10,ADK3,G14T21g,0,0,0
CT22,CN10,ADK3,G14Tg,0,0,0
CT22,CN10,ADK3,G16MT,0,0,0
CT22,CN10,ADK3,G3PD1,-0.00603604613911557,-0.00390947417952248,-0.00212657195959309
CT22,CN10,ADK3,G6Pt6er,0.187973758877661,0.0341449349900813,0.153828823887579
CT22,CN10,ADK3,G6Pter,-0.187973758877661,-0.0375138626717444,-0.150459896205916
CT22,CN10,ADK3,GACMTRc,0,0,0
CT22,CN10,ADK3,GAL3ST11,0,NaN,NaN
CT22,CN10,ADK3,GALASE17ly,0,0,0
CT22,CN10,ADK3,GALASE18ly,0,0,0
CT22,CN10,ADK3,GALASE19ly,0,0,0
CT22,CN10,ADK3,GALASE1ly,0,NaN,NaN
CT22,CN10,ADK3,GALASE20ly,0,0,0
CT22,CN10,ADK3,GALGT1,0,0,0
CT22,CN10,ADK3,GALGT2,0,0,0
CT22,CN10,ADK3,GALGT3,0,0,0
CT22,CN10,ADK3,GALGT4,0,0,0
CT22,CN10,ADK3,GALM2,0,-0.975542682252012,0.975542682252012
CT22,CN10,ADK3,GALNTg,0,0,0
CT22,CN10,ADK3,GALSIDEtg,0,NaN,NaN
CT22,CN10,ADK3,GALSIDEtl,0,NaN,NaN
CT22,CN10,ADK3,GALt1r,1000,NaN,NaN
CT22,CN10,ADK3,GALt2_2,-1000,-1000,0
CT22,CN10,ADK3,GALtly,0,0,0
CT22,CN10,ADK3,GALU,0,0,0
CT22,CN10,ADK3,GAPD,1.9828646192301,0.0212726012254052,1.96159201800469
CT22,CN10,ADK3,GARFT,0.00417823739758205,0.0452342995530444,-0.0410560621554623
CT22,CN10,ADK3,GASNASEly,0,NaN,NaN
CT22,CN10,ADK3,GCHOLAt,0,NaN,NaN
CT22,CN10,ADK3,GCHOLAt2e,0,NaN,NaN
CT22,CN10,ADK3,GD1Cte,0,0,0
CT22,CN10,ADK3,GD1Ctg,0,0,0
CT22,CN10,ADK3,GDPFUCtg,0,0,0
CT22,CN10,ADK3,GDPtg,0,0,0
CT22,CN10,ADK3,GF6PTA,0,0,0
CT22,CN10,ADK3,GFUCSx,0,0,0
CT22,CN10,ADK3,GHMT2r,0.000282428622540465,0.0906515247136213,-0.0903690960910808
CT22,CN10,ADK3,GHMT2rm,0.0083564747951641,NaN,NaN
CT22,CN10,ADK3,GK1i,0.000992739520669372,0.000642985397001755,0.000349754123667617
CT22,CN10,ADK3,GLACter,0,0,0
CT22,CN10,ADK3,GLCMter,0,NaN,NaN
CT22,CN10,ADK3,GLCNACPT,0,0,0
CT22,CN10,ADK3,GLCNACT,0,0,0
CT22,CN10,ADK3,GLCt1r,1,NaN,NaN
CT22,CN10,ADK3,GLCURter,0,0,0
CT22,CN10,ADK3,GLCURtly,0,0,0
CT22,CN10,ADK3,GLNS,0,NaN,NaN
CT22,CN10,ADK3,GLNt4,1000,1000,0
CT22,CN10,ADK3,GLNtN1,-999.98113621392,-999.9,-0.0811362139204448
CT22,CN10,ADK3,GLNTRS,0.00703320838287983,0.00455532412088606,0.00247788426199377
CT22,CN10,ADK3,GLRASE,0,0,0
CT22,CN10,ADK3,GLUDym,0,NaN,NaN
CT22,CN10,ADK3,GLUPROASCT1,0.0976608570613796,0.1,-0.00233914293862041
CT22,CN10,ADK3,GLUPRT,0.00417823739756903,0.0452342995530455,-0.0410560621554764
CT22,CN10,ADK3,GLUt2m,0,0.00790038525785132,-0.00790038525785132
CT22,CN10,ADK3,GLUTRS,0.0083248592598216,0.00539191079302548,0.00293294846679612
CT22,CN10,ADK3,GLYAMDTRc,0,0,0
CT22,CN10,ADK3,GLYATm,-0.00792245618390552,NaN,NaN
CT22,CN10,ADK3,GLYBtm,0,NaN,NaN
CT22,CN10,ADK3,GLYt2r,-1000,-0.0467725319002739,-999.9532274681
CT22,CN10,ADK3,GLYt4,1000,1000,0
CT22,CN10,ADK3,GLYtm,-0.0162789309790696,NaN,NaN
CT22,CN10,ADK3,GLYtp,0,NaN,NaN
CT22,CN10,ADK3,GLYTRS,0.0116261523480065,0.00753011845246715,0.00409603389553933
CT22,CN10,ADK3,GMAND,0,0,0
CT22,CN10,ADK3,GMPS2,0.000992739520669372,NaN,NaN
CT22,CN10,ADK3,GMPtg,0,0,0
CT22,CN10,ADK3,GP1CALPHAte,0,0,0
CT22,CN10,ADK3,GP1CALPHAtg,0,0,0
CT22,CN10,ADK3,GPAM_hs,0.00572166603928465,0.00370585398604893,0.00201581205323571
CT22,CN10,ADK3,GPDDA1,0,NaN,NaN
CT22,CN10,ADK3,GQ1Bte,0,NaN,NaN
CT22,CN10,ADK3,GQ1Btg,0,NaN,NaN
CT22,CN10,ADK3,GRTTx,0.000880272909319825,0.0005701421312282,0.000310130778091625
CT22,CN10,ADK3,GT1Ate,0,0,0
CT22,CN10,ADK3,GT1Atg,0,0,0
CT22,CN10,ADK3,GUAD,0,0.0436567321217576,-0.0436567321217576
CT22,CN10,ADK3,GULLACter,0,0,0
CT22,CN10,ADK3,GULOer,0,0,0
CT22,CN10,ADK3,H2O2t,0,-0.0459780190959691,0.0459780190959691
CT22,CN10,ADK3,H2O2ter,0,0,0
CT22,CN10,ADK3,H2O2tp,0,NaN,NaN
CT22,CN10,ADK3,H2Ot,-1000,-1000,0
CT22,CN10,ADK3,H2Otg,0,0,0
CT22,CN10,ADK3,H2Otly,0,0,0
CT22,CN10,ADK3,H2Otm,-0.00328016110165663,-1.36175867896952,1.35847851786787
CT22,CN10,ADK3,H2Otp,0,NaN,NaN
CT22,CN10,ADK3,HACD180,0,0,0
CT22,CN10,ADK3,HAS1,0,0,0
CT22,CN10,ADK3,HAS2,0,0,0
CT22,CN10,ADK3,HAtly,0,0,0
CT22,CN10,ADK3,HCO3E,0.0861236060700321,0.114596430448614,-0.0284728243785821
CT22,CN10,ADK3,HDCAter,0,NaN,NaN
CT22,CN10,ADK3,HDCEACRNtr,0,NaN,NaN
CT22,CN10,ADK3,HEX12,1,0.0210883900662042,0.978911609933796
CT22,CN10,ADK3,HEX16,0,0,0
CT22,CN10,ADK3,HISCITRtm,499.947603616931,NaN,NaN
CT22,CN10,ADK3,HISt1m,499.947603616931,NaN,NaN
CT22,CN10,ADK3,HISt4,1000,0,1000
CT22,CN10,ADK3,HIStm,0,NaN,NaN
CT22,CN10,ADK3,HIStN1,-999.99727279794,0.00176637583467709,-999.999039173774
CT22,CN10,ADK3,HISTRS,0.00272720206036761,0.00176637583472763,0.000960826225639976
CT22,CN10,ADK3,HMBS,0,0,0
CT22,CN10,ADK3,HMGCOARc,0.00264081872795947,0.0017104263936846,0.000930392334274874
CT22,CN10,ADK3,HMGCOASim,0.00264081872795947,0.0017104263936846,0.000930392334274874
CT22,CN10,ADK3,HMGCOAtm,-0.00264081872796851,-0.00171042639362895,-0.000930392334339558
CT22,CN10,ADK3,HMGDH,0.00358395902753728,NaN,NaN
CT22,CN10,ADK3,HMGS,0.00358395902753728,NaN,NaN
CT22,CN10,ADK3,HOXG,0,0,0
CT22,CN10,ADK3,HPROxm,-0.00792245618390552,NaN,NaN
CT22,CN10,ADK3,HPROym,0.00792245618390552,NaN,NaN
CT22,CN10,ADK3,HSD180,0,0,0
CT22,CN10,ADK3,HSD3B11,0,0,0
CT22,CN10,ADK3,Htg,0,0,0
CT22,CN10,ADK3,Htm,0,NaN,NaN
CT22,CN10,ADK3,Htr,-0.183572394331009,0.00251371448484861,-0.186086108815857
CT22,CN10,ADK3,Htx,0,NaN,NaN
CT22,CN10,ADK3,HYAL,0,0,0
CT22,CN10,ADK3,HYALe,0,0,0
CT22,CN10,ADK3,ICDHyrm,-0.0975826164706177,NaN,NaN
CT22,CN10,ADK3,ILELAT1tc,-0.0226782136682004,NaN,NaN
CT22,CN10,ADK3,ILEt4,0.0288501776380554,0.1,-0.0711498223619446
CT22,CN10,ADK3,ILETRS,0.0061719639698597,0.00399750651688063,0.00217445745297907
CT22,CN10,ADK3,IMPC,0.00417823739756903,0.0452342995530455,-0.0410560621554764
CT22,CN10,ADK3,IMPD,0.000992739520669372,0.0442997175187594,-0.04330697799809
CT22,CN10,ADK3,INSTt4_2,0.000503003844983141,0.000325789514931785,0.000177214330051356
CT22,CN10,ADK3,IPDDIx,0.00088027290928494,0.00057014213120965,0.00031013077807529
CT22,CN10,ADK3,IPDPtx,-0.00264081872796851,-0.00171042639362895,-0.000930392334339558
CT22,CN10,ADK3,ITCOALm,0,NaN,NaN
CT22,CN10,ADK3,KCC2t,-0.00561372385823233,NaN,NaN
CT22,CN10,ADK3,KSII_CORE4t,0,0,0
CT22,CN10,ADK3,KSII_CORE4tly,0,0,0
CT22,CN10,ADK3,L_LACt2r,-1000,NaN,NaN
CT22,CN10,ADK3,LARGEg,0,0,0
CT22,CN10,ADK3,LDH_L,-1.72501140447378,NaN,NaN
CT22,CN10,ADK3,LEUKTRC4t,-1000,NaN,NaN
CT22,CN10,ADK3,LEUKTRC4t5e,1000,NaN,NaN
CT22,CN10,ADK3,LEUKTRD4t,-0.000756969855956413,NaN,NaN
CT22,CN10,ADK3,LEUKTRE4t,0.000756969855956413,NaN,NaN
CT22,CN10,ADK3,LEUt4,0,0.00762304147517848,-0.00762304147517848
CT22,CN10,ADK3,LEUTRS,0.0117696211693137,0.00762304147517848,0.00414657969413521
CT22,CN10,ADK3,LHCYSTIN,0,0,0
CT22,CN10,ADK3,LHCYSTINt,0,0,0
CT22,CN10,ADK3,LKTD4PEP,0.000756969855957173,NaN,NaN
CT22,CN10,ADK3,LNLCACRNtr,0,NaN,NaN
CT22,CN10,ADK3,LNLCCOAtr,0,NaN,NaN
CT22,CN10,ADK3,LNLCCRNtr,0,NaN,NaN
CT22,CN10,ADK3,LNLNCACOAtr,0,NaN,NaN
CT22,CN10,ADK3,LNS14DMr,0.000440136454659912,0.0002850710656141,0.000155065389045812
CT22,CN10,ADK3,LNSTLSr,0.000440136454659912,0.0002850710656141,0.000155065389045812
CT22,CN10,ADK3,LPASE,0,0,0
CT22,CN10,ADK3,LPCAT,0,0,0
CT22,CN10,ADK3,LPCHOLt4,0,0,0
CT22,CN10,ADK3,LPEAT,0,NaN,NaN
CT22,CN10,ADK3,LPGAT,0,NaN,NaN
CT22,CN10,ADK3,LPIAT,0,NaN,NaN
CT22,CN10,ADK3,LPS2,0,0,0
CT22,CN10,ADK3,LPSAT,0,NaN,NaN
CT22,CN10,ADK3,LPSe,0,0,0
CT22,CN10,ADK3,LSTO1r,0.000440136454659912,0.0002850710656141,0.000155065389045812
CT22,CN10,ADK3,LSTO2r,0,NaN,NaN
CT22,CN10,ADK3,LTD4DP,-0.000756969855956413,NaN,NaN
CT22,CN10,ADK3,LYSARGtm,0,NaN,NaN
CT22,CN10,ADK3,LYSCITRt2m,0,NaN,NaN
CT22,CN10,ADK3,LYSCITRtm,0,NaN,NaN
CT22,CN10,ADK3,LYSHISt2m,0,NaN,NaN
CT22,CN10,ADK3,LYSHIStm,0,NaN,NaN
CT22,CN10,ADK3,LYSORNtm,0,NaN,NaN
CT22,CN10,ADK3,LYSt5r,0.0205251026357018,0.00827378210192364,0.0122513205337782
CT22,CN10,ADK3,LYStm,0,NaN,NaN
CT22,CN10,ADK3,LYSTRS,0.012774334403641,0.00827378210189524,0.0045005523017458
CT22,CN10,ADK3,M1316Mg,0,0,0
CT22,CN10,ADK3,M13N2Tg,0,0,0
CT22,CN10,ADK3,M13N4T2g,0,NaN,NaN
CT22,CN10,ADK3,M16N4Tg,0,NaN,NaN
CT22,CN10,ADK3,M16N6T2g,0,NaN,NaN
CT22,CN10,ADK3,M16NT1g,0,0,0
CT22,CN10,ADK3,M16NTg,0,0,0
CT22,CN10,ADK3,M4MPDOL_ter,0,0,0
CT22,CN10,ADK3,M8MASNterg,0,0,0
CT22,CN10,ADK3,MAL_Lte,-0.00736373527445267,NaN,NaN
CT22,CN10,ADK3,MALCOAMT,0,0.00790038525781256,-0.00790038525781256
CT22,CN10,ADK3,MALCOAMTr,0,-0.00790038525781256,0.00790038525781256
CT22,CN10,ADK3,MAN1PT2,0,0,0
CT22,CN10,ADK3,MAN6PI,0,0,0
CT22,CN10,ADK3,MANtg,0,0,0
CT22,CN10,ADK3,MANtly,0,NaN,NaN
CT22,CN10,ADK3,MCOATA,0.0836422426891427,0.0474023115471079,0.0362399311420348
CT22,CN10,ADK3,METAT,0,0,0
CT22,CN10,ADK3,METLEUex,0.00330129308818488,NaN,NaN
CT22,CN10,ADK3,METt4,0,0.00213820765944167,-0.00213820765944167
CT22,CN10,ADK3,METTRS,0.00330129308818488,0.00213820765944167,0.00116308542874321
CT22,CN10,ADK3,MEVK1c,0.00264081872795947,0.0017104263936846,0.000930392334274874
CT22,CN10,ADK3,MG1er,0,0,0
CT22,CN10,ADK3,MG2er,0,0,0
CT22,CN10,ADK3,MG3er,0,0,0
CT22,CN10,ADK3,MLCLAT,0,NaN,NaN
CT22,CN10,ADK3,MM5ag,0,0,0
CT22,CN10,ADK3,MM6bg,0,0,0
CT22,CN10,ADK3,MM7Cag,0,0,0
CT22,CN10,ADK3,MM8Ag,0,0,0
CT22,CN10,ADK3,MOGAT,0,0,0
CT22,CN10,ADK3,MTHFCm,0.00835647479513807,NaN,NaN
CT22,CN10,ADK3,MTHFDm,0.0083564747951641,NaN,NaN
CT22,CN10,ADK3,NACDe,0.00665960077844829,0.0468414486443862,-0.0401818478659379
CT22,CN10,ADK3,NACHEX24ly,0,0,0
CT22,CN10,ADK3,NACHEX25ly,0,0,0
CT22,CN10,ADK3,NACHEX26ly,0,0,0
CT22,CN10,ADK3,NACPRT,-0.00665960077844829,-0.0468414486443862,0.0401818478659379
CT22,CN10,ADK3,NADPHtru,0.0048415010012377,0.0186514811718436,-0.0138099801706059
CT22,CN10,ADK3,NADPHtxu,0,NaN,NaN
CT22,CN10,ADK3,NADPtru,0.00484150100125903,0.0186514811718436,-0.0138099801705846
CT22,CN10,ADK3,NADPtxu,0,NaN,NaN
CT22,CN10,ADK3,NAGA2ly,0,0,0
CT22,CN10,ADK3,NAGLCAly,0,0,0
CT22,CN10,ADK3,NCAMDe,-0.00665960077844829,-0.0468414486443862,0.0401818478659379
CT22,CN10,ADK3,NDP7er,0,0,0
CT22,CN10,ADK3,NDP7g,0,0,0
CT22,CN10,ADK3,NDPK2,0.00219893475833326,0.0155805359651834,-0.0133816012068501
CT22,CN10,ADK3,NDPK3,0.00763775610010975,0,0.00763775610010975
CT22,CN10,ADK3,NDPK4,0.000282428622516196,0.000182925607566011,9.95030149501853e-05
CT22,CN10,ADK3,NDPK5,0.000213542014029891,0.0001383085832777,7.52334307521911e-05
CT22,CN10,ADK3,NDPK7,0.000203704151997397,0.000131936718863209,7.17674331341876e-05
CT22,CN10,ADK3,NH4tm,0,0,0
CT22,CN10,ADK3,NMNDA,0.00665960077841837,0.0468414486443452,-0.0401818478659268
CT22,CN10,ADK3,NTD9,0,0.0436567321217576,-0.0436567321217576
CT22,CN10,ADK3,NTPP8e,0,NaN,NaN
CT22,CN10,ADK3,O2t,0.00878586880992316,0.25377622441215,-0.244990355602226
CT22,CN10,ADK3,O2ter,0.00396122809195276,0.0104660248483697,-0.00650479675641691
CT22,CN10,ADK3,O2tm,0.00124068169043312,0.195010893493532,-0.193770211803098
CT22,CN10,ADK3,O2tn,0.00358395902753728,0,0.00358395902753728
CT22,CN10,ADK3,O2tp,0,0,0
CT22,CN10,ADK3,CO2tn,-0.00358395902753728,0,-0.00358395902753728
CT22,CN10,ADK3,AKGtn,0.00358395902753728,0,0.00358395902753728
CT22,CN10,ADK3,FALDtn,-0.00358395902753728,0,-0.00358395902753728
CT22,CN10,ADK3,OCDEAFABP1tc,0,500,-500
CT22,CN10,ADK3,OMPDC,0.00248136338084946,0.00160714909129973,0.000874214289549733
CT22,CN10,ADK3,ORNARGtm,0,NaN,NaN
CT22,CN10,ADK3,ORNHISt2m,0,NaN,NaN
CT22,CN10,ADK3,ORNHIStm,0,NaN,NaN
CT22,CN10,ADK3,ORNLYStm,0,NaN,NaN
CT22,CN10,ADK3,ORNt,0,NaN,NaN
CT22,CN10,ADK3,ORNt3m,1000,0.00790038525781256,999.992099614742
CT22,CN10,ADK3,ORNt4m,-1000,NaN,NaN
CT22,CN10,ADK3,OROTi,-998.020719339797,NaN,NaN
CT22,CN10,ADK3,OROTte,998.020719339797,NaN,NaN
CT22,CN10,ADK3,ORPT,-0.00248136338086624,-0.00160714909134185,-0.000874214289524389
CT22,CN10,ADK3,OXAHCOtex,0,0,0
CT22,CN10,ADK3,OXALSUCCCLm,-0.0975826164706177,-0.00513127918100054,-0.0924513372896172
CT22,CN10,ADK3,P45011A1m,0,0,0
CT22,CN10,ADK3,PAAA,0,NaN,NaN
CT22,CN10,ADK3,PACCOAL,0,NaN,NaN
CT22,CN10,ADK3,PAOR,0,NaN,NaN
CT22,CN10,ADK3,PAPStg,0,0,0
CT22,CN10,ADK3,PAPtg,0,0,0
CT22,CN10,ADK3,PCFLOPm,0,0,0
CT22,CN10,ADK3,PCHOLHSTDe,0,0,0
CT22,CN10,ADK3,PCOREM3terg,0,0,0
CT22,CN10,ADK3,PCREATtmdiffir,0,0,0
CT22,CN10,ADK3,PDE1,0,NaN,NaN
CT22,CN10,ADK3,PE_HStm,0,NaN,NaN
CT22,CN10,ADK3,PEFLIPm,0,0,0
CT22,CN10,ADK3,PEMET1,-0.00119465300917909,-0.000773762324797644,-0.000420890684381447
CT22,CN10,ADK3,PEMET2,-0.00119465300917909,-0.000773762324797644,-0.000420890684381447
CT22,CN10,ADK3,PETOHMm_hs,0,0,0
CT22,CN10,ADK3,PFK,0.995560266147721,NaN,NaN
CT22,CN10,ADK3,PGAM1_PhosHydro,0.964426299109265,NaN,NaN
CT22,CN10,ADK3,PGCD,0.00358395902754835,NaN,NaN
CT22,CN10,ADK3,PGI,1,-0.0308167799120156,1.03081677991202
CT22,CN10,ADK3,PGK,-1.9828646192301,-0.0212726012254052,-1.96159201800469
CT22,CN10,ADK3,PGM,-1.97928066020256,-0.0212726012254052,-1.95800805897716
CT22,CN10,ADK3,PGMT,0,0,0
CT22,CN10,ADK3,PGPP_hs,0.00031438009986296,0.000203620193526232,0.000110759906336728
CT22,CN10,ADK3,PGPPT,0.00031438009986296,0.000203620193526232,0.000110759906336728
CT22,CN10,ADK3,PHACGLYc,0,NaN,NaN
CT22,CN10,ADK3,PHACGLYt,0,NaN,NaN
CT22,CN10,ADK3,PHEMEtm,0,0,0
CT22,CN10,ADK3,PHEt4,0.00559787294204242,0,0.00559787294204242
CT22,CN10,ADK3,PHETA1,0,NaN,NaN
CT22,CN10,ADK3,PHETHPTOX,0,NaN,NaN
CT22,CN10,ADK3,PHETHPTOX2,0,NaN,NaN
CT22,CN10,ADK3,PHETRS,0.00559787294204242,0.00362567469216659,0.00197219824987584
CT22,CN10,ADK3,PIATPLtm,0.000282428622516196,0,0.000282428622516196
CT22,CN10,ADK3,PIt2m_2,0.00400447369379039,500.557016643473,-500.553012169779
CT22,CN10,ADK3,PIt7,-0.0170708018216601,-1000,999.982929198178
CT22,CN10,ADK3,PItg,0,0,0
CT22,CN10,ADK3,PItx,0,NaN,NaN
CT22,CN10,ADK3,PLA2,0,NaN,NaN
CT22,CN10,ADK3,PLA2_2,0,NaN,NaN
CT22,CN10,ADK3,PLA2_2e,0,0,0
CT22,CN10,ADK3,PLA2_3,0,NaN,NaN
CT22,CN10,ADK3,PLA2_4,0,NaN,NaN
CT22,CN10,ADK3,PLA2_5,0,NaN,NaN
CT22,CN10,ADK3,PLA2_6,0,NaN,NaN
CT22,CN10,ADK3,PLA2_7,0,NaN,NaN
CT22,CN10,ADK3,PLA2_8,0,NaN,NaN
CT22,CN10,ADK3,PMANM,0,0,0
CT22,CN10,ADK3,PMEVKc,0.00264081872795947,0.0017104263936846,0.000930392334274874
CT22,CN10,ADK3,PMTCOAFABP1tc,0,0.00790038525781256,-0.00790038525781256
CT22,CN10,ADK3,PNP,-0.00665960077844829,-0.0468414486443862,0.0401818478659379
CT22,CN10,ADK3,PNTK,0.00174254672269049,NaN,NaN
CT22,CN10,ADK3,PNTOt1,0.00174254672269049,NaN,NaN
CT22,CN10,ADK3,POCDPRBTLT2g,0,0,0
CT22,CN10,ADK3,POCDPRBTLTg,0,0,0
CT22,CN10,ADK3,POGLCNACTg,0,0,0
CT22,CN10,ADK3,POMGNGALNTr,0,0,0
CT22,CN10,ADK3,POMGNTr,0,0,0
CT22,CN10,ADK3,POMKr,0,0,0
CT22,CN10,ADK3,POXYLTg,0,0,0
CT22,CN10,ADK3,PPAer,0.187093485968297,0.0268369374953091,0.160256548472988
CT22,CN10,ADK3,PPAPA,0.00465276938489881,0,0.00465276938489881
CT22,CN10,ADK3,PPBNGS,0,0,0
CT22,CN10,ADK3,PPCDC,0.00174254672269049,NaN,NaN
CT22,CN10,ADK3,PPIPItr,0.186213213058977,0.0228978676823317,0.163315345376645
CT22,CN10,ADK3,PPItm,-0.000282428622540465,0,-0.000282428622540465
CT22,CN10,ADK3,PPItn,-0.0215742588432022,NaN,NaN
CT22,CN10,ADK3,PPItx,-0.00176054581868357,-0.0011402842624193,-0.000620261556264268
CT22,CN10,ADK3,PPM,-0.00665960077844829,-0.00318471652258268,-0.00347488425586562
CT22,CN10,ADK3,PPNCL2,0.00174254672269049,NaN,NaN
CT22,CN10,ADK3,PPOR,0,NaN,NaN
CT22,CN10,ADK3,PPPG9tm,0,0,0
CT22,CN10,ADK3,PPPGOm,0,0,0
CT22,CN10,ADK3,PPROTPH,0,0,0
CT22,CN10,ADK3,PRAGS,0.00417823739756903,0.0452342995530455,-0.0410560621554764
CT22,CN10,ADK3,PRAIS,0.00417823739756903,0.0452342995530455,-0.0410560621554764
CT22,CN10,ADK3,PRASCS,0.00417823739756903,0.0452342995530455,-0.0410560621554764
CT22,CN10,ADK3,PRFGS,0.00417823739756903,0.0452342995530455,-0.0410560621554764
CT22,CN10,ADK3,PRGNLONESULT,0,NaN,NaN
CT22,CN10,ADK3,PRGNLONEtm,0,0,0
CT22,CN10,ADK3,PRGSTRNt,0,0,0
CT22,CN10,ADK3,PROSTGE2t,1000,NaN,NaN
CT22,CN10,ADK3,PROSTGE2t2,-1000,NaN,NaN
CT22,CN10,ADK3,PROt4,0,1000,-1000
CT22,CN10,ADK3,PROt4_2_r,0.106559807349072,-999.786335872124,999.892895679473
CT22,CN10,ADK3,PROTRS,0.00889895028763887,0.00576374261773952,0.00313520766989935
CT22,CN10,ADK3,PSDm_hs,0,0,0
CT22,CN10,ADK3,PSERT,0.00358395902754835,NaN,NaN
CT22,CN10,ADK3,PSFLIP,0,0,0
CT22,CN10,ADK3,PSFLIPm,0,0,0
CT22,CN10,ADK3,PSP_L,0.00358395902754835,NaN,NaN
CT22,CN10,ADK3,PSPPSr,0.000440136454659912,0.0002850710656141,0.000155065389045812
CT22,CN10,ADK3,PSSA1_hs,0.00132040936398425,0.000855213196814475,0.000465196167169779
CT22,CN10,ADK3,PSSA2_hs,-0.00119465300917909,-0.000773762324797644,-0.000420890684381447
CT22,CN10,ADK3,PSt3,0,0,0
CT22,CN10,ADK3,PTPAT,0.00174254672269049,NaN,NaN
CT22,CN10,ADK3,PTYRK,0,0,0
CT22,CN10,ADK3,PTYRPPH,0,0,0
CT22,CN10,ADK3,PUNP3,0,0.0436567321218035,-0.0436567321218035
CT22,CN10,ADK3,PVD3,0,NaN,NaN
CT22,CN10,ADK3,PYK7,1.01485436109334,0.0212726012253626,0.993581759867979
CT22,CN10,ADK3,PYRtm,0,-0.0985969741441295,0.0985969741441295
CT22,CN10,ADK3,RADH3,999.740022173807,NaN,NaN
CT22,CN10,ADK3,RADH4,-999.740022173807,NaN,NaN
CT22,CN10,ADK3,RBFK,0,0,0
CT22,CN10,ADK3,RBT5PCYTr,0,0,0
CT22,CN10,ADK3,RBT5PDH,0,0,0
CT22,CN10,ADK3,RDH1,-1000,999.948843898733,-1999.94884389873
CT22,CN10,ADK3,RDH1a,1000,0.0511561012667698,999.948843898733
CT22,CN10,ADK3,RIBFLVt6,0,NaN,NaN
CT22,CN10,ADK3,RND214,0,NaN,NaN
CT22,CN10,ADK3,RNDR1,0.000284413454329769,0.000184211159158409,0.000100202295171361
CT22,CN10,ADK3,RNDR2,0.000213542014029891,0.0001383085832777,7.52334307521911e-05
CT22,CN10,ADK3,RNDR3,0.000203704151997397,0.00031486232642922,-0.000111158174431823
CT22,CN10,ADK3,RNDR4,0.000282428622516196,NaN,NaN
CT22,CN10,ADK3,RNMK,0.00665960077841837,0.0468414486443452,-0.0401818478659268
CT22,CN10,ADK3,RPE,-0.00443973385222307,0.0347262540915381,-0.0391659879437611
CT22,CN10,ADK3,RPI,-0.00443973385222307,-0.0205478435683517,0.0161081097161286
CT22,CN10,ADK3,Rtotalcoatx,0,NaN,NaN
CT22,CN10,ADK3,Rtotalt,0,NaN,NaN
CT22,CN10,ADK3,Rtotaltp,0,NaN,NaN
CT22,CN10,ADK3,S23T4g,0,0,0
CT22,CN10,ADK3,S26Tg,0,NaN,NaN
CT22,CN10,ADK3,S2L2FN2M2MASNt,0,NaN,NaN
CT22,CN10,ADK3,S2L2N2M2MASNtly,0,NaN,NaN
CT22,CN10,ADK3,S6T16g,0,0,0
CT22,CN10,ADK3,S6T17g,0,0,0
CT22,CN10,ADK3,S6T18g,0,0,0
CT22,CN10,ADK3,S6TASE24ly,0,0,0
CT22,CN10,ADK3,S6TASE25ly,0,0,0
CT22,CN10,ADK3,S6TASE26ly,0,0,0
CT22,CN10,ADK3,SADT,0,0,0
CT22,CN10,ADK3,SARCOXp,0,NaN,NaN
CT22,CN10,ADK3,SARCStm,0,NaN,NaN
CT22,CN10,ADK3,SARCStp,0,NaN,NaN
CT22,CN10,ADK3,SBPP3er,0,0,0
CT22,CN10,ADK3,SE1,0,NaN,NaN
CT22,CN10,ADK3,SE3,0,NaN,NaN
CT22,CN10,ADK3,SE4,0,NaN,NaN
CT22,CN10,ADK3,SE6,0,NaN,NaN
CT22,CN10,ADK3,SE8,0,NaN,NaN
CT22,CN10,ADK3,Ser/Thrtg,0,0,0
CT22,CN10,ADK3,SERPT,0.000377247490132015,0.000244338642876729,0.000132908847255285
CT22,CN10,ADK3,SERt4,0.0140264920587521,0.0964622877782271,-0.082435795719475
CT22,CN10,ADK3,SERTm,0.0083564747951641,NaN,NaN
CT22,CN10,ADK3,SERTRS,0.00846854382371724,0.00548497354960554,0.0029835702741117
CT22,CN10,ADK3,SFGTH,0.00358395902754835,NaN,NaN
CT22,CN10,ADK3,SGALSIDEtg,0,NaN,NaN
CT22,CN10,ADK3,SGALSIDEtl,0,NaN,NaN
CT22,CN10,ADK3,SIAASE4ly,0,0,0
CT22,CN10,ADK3,SIAASEly,0,NaN,NaN
CT22,CN10,ADK3,SIAT9g,0,0,0
CT22,CN10,ADK3,SK_Asn_X_Ser/Thr[r],0,0,0
CT22,CN10,ADK3,SK_Ser/Thr[r],0,0,0
CT22,CN10,ADK3,SMPD4,0,0,0
CT22,CN10,ADK3,SMS,0.000377247490132015,0.000244338642876729,0.000132908847255285
CT22,CN10,ADK3,SO4HCOtex,0,1000,-1000
CT22,CN10,ADK3,SO4tabc,0,NaN,NaN
CT22,CN10,ADK3,SO4tl,0,0,0
CT22,CN10,ADK3,SOAT1,0,NaN,NaN
CT22,CN10,ADK3,SOAT2,0,NaN,NaN
CT22,CN10,ADK3,SOAT3,0,NaN,NaN
CT22,CN10,ADK3,SOAT4,0,NaN,NaN
CT22,CN10,ADK3,SOAT5,0,NaN,NaN
CT22,CN10,ADK3,SPHINGStr,0,0,0
CT22,CN10,ADK3,SPHK21c,0,0,0
CT22,CN10,ADK3,SPHMDAc,0,0,0
CT22,CN10,ADK3,SPHS1Pte,0,0,0
CT22,CN10,ADK3,SPHS1Ptr,0,0,0
CT22,CN10,ADK3,SQLEr,0.000440136454659912,0.0002850710656141,0.000155065389045812
CT22,CN10,ADK3,SQLSr,0.000440136454659912,0.0002850710656141,0.000155065389045812
CT22,CN10,ADK3,ST3GAL21g,0,0,0
CT22,CN10,ADK3,ST3GAL22g,0,0,0
CT22,CN10,ADK3,ST3GAL23g,0,0,0
CT22,CN10,ADK3,ST3GAL31g,0,0,0
CT22,CN10,ADK3,ST6GALNAC27,0,0,0
CT22,CN10,ADK3,ST8SIA12,0,0,0
CT22,CN10,ADK3,ST8SIA51g,0,0,0
CT22,CN10,ADK3,ST8SIA52g,0,NaN,NaN
CT22,CN10,ADK3,ST8SIA53g,0,0,0
CT22,CN10,ADK3,ST8SIA54g,0,0,0
CT22,CN10,ADK3,ST8SIA55g,0,0,0
CT22,CN10,ADK3,STPK,0,0,0
CT22,CN10,ADK3,STS1,0,NaN,NaN
CT22,CN10,ADK3,STS4,0,NaN,NaN
CT22,CN10,ADK3,SUCCt4_2,-997.85604822453,999.815078514095,-1997.67112673862
CT22,CN10,ADK3,SUCCt4_3,997.85604822453,-1000,1997.85604822453
CT22,CN10,ADK3,TAGt,0,0,0
CT22,CN10,ADK3,TALA,-0.00221986692611154,0.0134536528662466,-0.0156735197923581
CT22,CN10,ADK3,TCHOLAabc,0,NaN,NaN
CT22,CN10,ADK3,TCHOLAt,0,NaN,NaN
CT22,CN10,ADK3,TCHOLAtx,0,NaN,NaN
CT22,CN10,ADK3,TECR180,0,0,0
CT22,CN10,ADK3,THBPT4ACAMDASE,0,0.0023212869742633,-0.0023212869742633
CT22,CN10,ADK3,THDm,0.00792245618387842,NaN,NaN
CT22,CN10,ADK3,THFtm,0.0896601602868259,NaN,NaN
CT22,CN10,ADK3,THRt4,0.0146685111815554,0,0.0146685111815554
CT22,CN10,ADK3,THRtm,0.00792245618387842,NaN,NaN
CT22,CN10,ADK3,THRTRS,0.00674605499767698,0.00436933834159467,0.0023767166560823
CT22,CN10,ADK3,THYOXt,-1000,NaN,NaN
CT22,CN10,ADK3,THYOXt2,1000,NaN,NaN
CT22,CN10,ADK3,TKT1,-0.00221986692611154,0.017363127045769,-0.0195829939718806
CT22,CN10,ADK3,TKT2,-0.00221986692611154,0.017363127045769,-0.0195829939718806
CT22,CN10,ADK3,TMDS,0.000282428622516196,0.000182925607566011,9.95030149501853e-05
CT22,CN10,ADK3,TPI,0.989524220008548,NaN,NaN
CT22,CN10,ADK3,TRDR,0.000984088242873253,0.000637382068865329,0.000346706174007924
CT22,CN10,ADK3,TRIODTHYt,999.998199161942,NaN,NaN
CT22,CN10,ADK3,TRIODTHYt2,-999.998199161941,NaN,NaN
CT22,CN10,ADK3,TRPILETRPr,0,NaN,NaN
CT22,CN10,ADK3,TRPILETRPt,0,NaN,NaN
CT22,CN10,ADK3,TRPt4,0.000287067088167482,0.000185929885743896,0.000101137202423586
CT22,CN10,ADK3,TRPTRS,0.000287067088167482,0.000185929885743896,0.000101137202423586
CT22,CN10,ADK3,TXA2tr,-0.182251984967024,NaN,NaN
CT22,CN10,ADK3,TXB2c,0.182251984967024,NaN,NaN
CT22,CN10,ADK3,TXB2r,-0.182251984967024,NaN,NaN
CT22,CN10,ADK3,TXB2tr,0.182251984967024,NaN,NaN
CT22,CN10,ADK3,TYROX,0,NaN,NaN
CT22,CN10,ADK3,TYRt4,0.00344476190949209,0.0045524176564163,-0.0011076557469242
CT22,CN10,ADK3,TYRTRS,0.00344476190949209,0.002231130682153,0.00121363122733909
CT22,CN10,ADK3,UACGAMUMPtr,0,0,0
CT22,CN10,ADK3,UAG2EMAi,0,0,0
CT22,CN10,ADK3,UAG4E,0,0,0
CT22,CN10,ADK3,UAGDP,0,0,0
CT22,CN10,ADK3,UDPACGALtl,0,0,0
CT22,CN10,ADK3,UDPDOLPT,0,0,0
CT22,CN10,ADK3,UDPG4E,0,0,0
CT22,CN10,ADK3,UDPGALtg,0,0,0
CT22,CN10,ADK3,UDPGD,0,0,0
CT22,CN10,ADK3,UDPGLCAter,0,-1000,1000
CT22,CN10,ADK3,UDPGLCAtg,0,0,0
CT22,CN10,ADK3,UDPGLDCg,0,0,0
CT22,CN10,ADK3,UDPtl,0,0,0
CT22,CN10,ADK3,UGALNACter,0,0,0
CT22,CN10,ADK3,UGALNACtg,0,0,0
CT22,CN10,ADK3,UGCGc,0,0,0
CT22,CN10,ADK3,UGLCNACtg,0,0,0
CT22,CN10,ADK3,UGT1A2r,0,0,0
CT22,CN10,ADK3,UMPK5,0.00248136338084946,NaN,NaN
CT22,CN10,ADK3,UPP3S,0,0,0
CT22,CN10,ADK3,UPPDC1,0,0,0
CT22,CN10,ADK3,URATEti,0,-0.0436567321218035,0.0436567321218035
CT22,CN10,ADK3,UREAt,-999.651944466914,-999.815235028292,0.163290561378062
CT22,CN10,ADK3,UREAt5,999.651944466914,999.815235028292,-0.163290561378062
CT22,CN10,ADK3,URIDK2,0,NaN,NaN
CT22,CN10,ADK3,URIK2,0.000282428622516196,NaN,NaN
CT22,CN10,ADK3,URIK4,-0.000282428622540465,0.0139733868738858,-0.0142558154964263
CT22,CN10,ADK3,UROLACer,0,0,0
CT22,CN10,ADK3,UTPte,0,NaN,NaN
CT22,CN10,ADK3,VALLAT1tc,0.00760729941066529,NaN,NaN
CT22,CN10,ADK3,VALt4,0,0.1,-0.1
CT22,CN10,ADK3,VALTRS,0.00760729941069711,0.00492715594560011,0.002680143465097
CT22,CN10,ADK3,VD3,0,NaN,NaN
CT22,CN10,ADK3,XAND,0,NaN,NaN
CT22,CN10,ADK3,Zn2t,0,-1000,1000
CT22,CN10,ADK3,ZNte,0,0,0
CT22,CN10,ADK3,ARTFR13,0.0139403737815238,0.00790038525785132,0.00603998852367247
CT22,CN10,ADK3,ARTFR41,0,NaN,NaN
CT22,CN10,ADK3,ARTFR42,0,NaN,NaN
CT22,CN10,ADK3,ARTPLM1,0.000377247490177979,0.00814472390072751,-0.00776747641054953
CT22,CN10,ADK3,RTOT1,0.0121978270588333,0.0069128371006199,0.00528498995821342
CT22,CN10,ADK3,RTOT4,0,0,0
CT22,CN10,ADK3,R_group_phosphotase_1,0,0,0
CT22,CN10,ADK3,biomass_reaction,0.0215742588431897,0.0139733868738836,0.00760087196930603
CT22,CN10,ADK3,DNAsyn,0.0215742588431897,0.0139733868738836,0.00760087196930603
CT22,CN10,ADK3,PROTsyn,0.0215742588431897,0.0139733868738836,0.00760087196930603
CT22,CN10,ADK3,RNAdeg,0,0,0
CT22,CN10,ADK3,RNAsyn,0.0215742588431897,0.0139733868738836,0.00760087196930603
CT22,CN10,ADK3,H3K4MET_1,0,0,0
CT22,CN10,ADK3,H3K4MET_2,0.00358395902754835,0,0.00358395902754835
CT22,CN10,ADK3,H3K4MET_3,0,0,0
CT22,CN10,ADK3,H3K4DMET_1,0,0,0
CT22,CN10,ADK3,H3K4DMET_2,0.00358395902754835,0,0.00358395902754835
CT22,CN10,ADK3,H3K4DMET_3,0,0,0
CT22,CN10,ADK3,EX_ac(e),0,0,0
CT22,CN10,ADK3,EX_akg(e),0,0,0
CT22,CN10,ADK3,EX_cl(e),0,0,0
CT22,CN10,ADK3,EX_co2(e),0,1000,-1000
CT22,CN10,ADK3,EX_fe2(e),0,0,0
CT22,CN10,ADK3,EX_fe3(e),0,0,0
CT22,CN10,ADK3,EX_i(e),0,0,0
CT22,CN10,ADK3,EX_k(e),0,0,0
CT22,CN10,ADK3,EX_na1(e),0,0,0
CT22,CN10,ADK3,EX_no(e),0,0,0
CT22,CN10,ADK3,EX_o2s(e),0,0,0
CT22,CN10,ADK3,EX_oh1(e),0,0,0
CT22,CN10,ADK3,EX_sel(e),0,0,0
CT22,CN10,ADK3,EX_so4(e),0,0,0
CT22,CN10,ADK3,EX_succ(e),0,0.184921485905079,-0.184921485905079
CT22,CN10,ADK3,EX_tcynt(e),0,0,0
CT22,CN10,ADK3,EX_tsul(e),0,0,0
CT22,CN10,ADK3,EX_ca2(e),0,0,0
CT22,CN10,ADK3,11DOCRTSLtm,NaN,0,NaN
CT22,CN10,ADK3,11DOCRTSLtr,NaN,0,NaN
CT22,CN10,ADK3,11DOCRTSTRNtm,NaN,0,NaN
CT22,CN10,ADK3,11DOCRTSTRNtr,NaN,0,NaN
CT22,CN10,ADK3,13DAMPPOX,NaN,0,NaN
CT22,CN10,ADK3,2AMACHYD,NaN,0,NaN
CT22,CN10,ADK3,2HBACACte,NaN,1000,NaN
CT22,CN10,ADK3,2HBACte,NaN,1000,NaN
CT22,CN10,ADK3,2HBBUTte,NaN,0,NaN
CT22,CN10,ADK3,2HBFORte,NaN,1000,NaN
CT22,CN10,ADK3,2HBLACte,NaN,-1000,NaN
CT22,CN10,ADK3,2HBPPAte,NaN,1000,NaN
CT22,CN10,ADK3,2HBPYRte,NaN,1000,NaN
CT22,CN10,ADK3,2HBRETNte,NaN,-1000,NaN
CT22,CN10,ADK3,34DHOXPEGOX,NaN,0,NaN
CT22,CN10,ADK3,34DHOXPEGt,NaN,0,NaN
CT22,CN10,ADK3,34DHPHAMT,NaN,0.0023212869742633,NaN
CT22,CN10,ADK3,34DHPLACOXy,NaN,0.0023212869742633,NaN
CT22,CN10,ADK3,3HAD203n6p,NaN,0,NaN
CT22,CN10,ADK3,3HAD224n6p,NaN,0,NaN
CT22,CN10,ADK3,3HAD244n6p,NaN,0,NaN
CT22,CN10,ADK3,3HDH203n6p,NaN,0,NaN
CT22,CN10,ADK3,3HDH224n6p,NaN,0,NaN
CT22,CN10,ADK3,3HDH244n6p,NaN,0,NaN
CT22,CN10,ADK3,3HLYTCL,NaN,0.0023212869742633,NaN
CT22,CN10,ADK3,3M4HPGORx,NaN,0.093465694963129,NaN
CT22,CN10,ADK3,3M4HPGORy,NaN,-0.093465694963129,NaN
CT22,CN10,ADK3,3MHISt1,NaN,-0.00362567469221631,NaN
CT22,CN10,ADK3,3MHISt3,NaN,-0.00362567469221631,NaN
CT22,CN10,ADK3,3MLDAt,NaN,0,NaN
CT22,CN10,ADK3,41R1H2MAE12BOOX,NaN,0,NaN
CT22,CN10,ADK3,42A12BOOX,NaN,0.0023212869742633,NaN
CT22,CN10,ADK3,4ABUTNDH,NaN,0,NaN
CT22,CN10,ADK3,5HTRPVESSEC,NaN,0,NaN
CT22,CN10,ADK3,A4GALTg,NaN,0,NaN
CT22,CN10,ADK3,ABO9g,NaN,0,NaN
CT22,CN10,ADK3,ABUTD,NaN,0,NaN
CT22,CN10,ADK3,ACACt2,NaN,1000,NaN
CT22,CN10,ADK3,ACACT203n6p,NaN,0,NaN
CT22,CN10,ADK3,ACACT224n6p,NaN,0,NaN
CT22,CN10,ADK3,ACACT244n6p,NaN,0,NaN
CT22,CN10,ADK3,ACBHBte,NaN,0,NaN
CT22,CN10,ADK3,ACBUTte,NaN,1000,NaN
CT22,CN10,ADK3,ACCOAL2,NaN,0.0632030820628106,NaN
CT22,CN10,ADK3,ACFORte,NaN,-1000,NaN
CT22,CN10,ADK3,ACHe,NaN,0,NaN
CT22,CN10,ADK3,ACHtn,NaN,0,NaN
CT22,CN10,ADK3,ACHVESSEC,NaN,0,NaN
CT22,CN10,ADK3,ACLACte,NaN,-1000,NaN
CT22,CN10,ADK3,ACOAD203n6p,NaN,0,NaN
CT22,CN10,ADK3,ACOAD224n6p,NaN,0,NaN
CT22,CN10,ADK3,ACOAD244n6p,NaN,0,NaN
CT22,CN10,ADK3,ACOAS,NaN,0.0632030820628106,NaN
CT22,CN10,ADK3,ACPPAte,NaN,1000,NaN
CT22,CN10,ADK3,ACRETNte,NaN,-1000,NaN
CT22,CN10,ADK3,ACt2r,NaN,-0.0991390219114692,NaN
CT22,CN10,ADK3,ADMDC,NaN,0,NaN
CT22,CN10,ADK3,ADNt4,NaN,0,NaN
CT22,CN10,ADK3,ADPt4,NaN,0,NaN
CT22,CN10,ADK3,ADRNLPVESSEC,NaN,0,NaN
CT22,CN10,ADK3,AG13T10g,NaN,0,NaN
CT22,CN10,ADK3,AG13T11g,NaN,0,NaN
CT22,CN10,ADK3,AG13T12g,NaN,0,NaN
CT22,CN10,ADK3,AG13T13g,NaN,0,NaN
CT22,CN10,ADK3,AG13T14g,NaN,0,NaN
CT22,CN10,ADK3,AG13T15g,NaN,0,NaN
CT22,CN10,ADK3,AG13T1g,NaN,0,NaN
CT22,CN10,ADK3,AG13T2g,NaN,0,NaN
CT22,CN10,ADK3,AG13T3g,NaN,0,NaN
CT22,CN10,ADK3,AG13T4g,NaN,0,NaN
CT22,CN10,ADK3,AG13T5g,NaN,0,NaN
CT22,CN10,ADK3,AG13T6g,NaN,0,NaN
CT22,CN10,ADK3,AG13T7g,NaN,0,NaN
CT22,CN10,ADK3,AG13T8g,NaN,0,NaN
CT22,CN10,ADK3,AG13T9g,NaN,0,NaN
CT22,CN10,ADK3,AKGACONtm,NaN,0.184921485905079,NaN
CT22,CN10,ADK3,AKGCITtm,NaN,-0.208624431171756,NaN
CT22,CN10,ADK3,AKGGHTRDtm,NaN,-0.0906965888863169,NaN
CT22,CN10,ADK3,AKGICITtm,NaN,0,NaN
CT22,CN10,ADK3,ALAR,NaN,0,NaN
CT22,CN10,ADK3,ALAt2r,NaN,-0.0599282800145602,NaN
CT22,CN10,ADK3,ALATA_L,NaN,-0.0669936436196394,NaN
CT22,CN10,ADK3,ALCD1,NaN,0,NaN
CT22,CN10,ADK3,ALCD19,NaN,0,NaN
CT22,CN10,ADK3,ALDD19x,NaN,0,NaN
CT22,CN10,ADK3,ALDD19y,NaN,0,NaN
CT22,CN10,ADK3,ALDD2y,NaN,0.0632030820628106,NaN
CT22,CN10,ADK3,AMPDA,NaN,0.162455549584381,NaN
CT22,CN10,ADK3,ARACHDCOAtr,NaN,0,NaN
CT22,CN10,ADK3,ARCOAATp,NaN,0,NaN
CT22,CN10,ADK3,ASCBOX,NaN,0,NaN
CT22,CN10,ADK3,ASCBt4,NaN,0,NaN
CT22,CN10,ADK3,ASNN,NaN,0,NaN
CT22,CN10,ADK3,ASPGLUm,NaN,0.115158736208627,NaN
CT22,CN10,ADK3,ASPPROASCT1,NaN,0.1,NaN
CT22,CN10,ADK3,ASPTAm,NaN,-0.115158736208627,NaN
CT22,CN10,ADK3,ATPtn,NaN,0,NaN
CT22,CN10,ADK3,B3GALT3g,NaN,0,NaN
CT22,CN10,ADK3,B3GALT5g,NaN,0,NaN
CT22,CN10,ADK3,B3GNT11g,NaN,0,NaN
CT22,CN10,ADK3,B3GNT12g,NaN,0,NaN
CT22,CN10,ADK3,B3GNT310g,NaN,0,NaN
CT22,CN10,ADK3,B3GNT312g,NaN,0,NaN
CT22,CN10,ADK3,B3GNT314g,NaN,0,NaN
CT22,CN10,ADK3,B3GNT315g,NaN,0,NaN
CT22,CN10,ADK3,B3GNT34g,NaN,0,NaN
CT22,CN10,ADK3,B3GNT35g,NaN,0,NaN
CT22,CN10,ADK3,BALAPAT1tc,NaN,0,NaN
CT22,CN10,ADK3,BALAVECSEC,NaN,0,NaN
CT22,CN10,ADK3,BAMPPALDOX,NaN,0,NaN
CT22,CN10,ADK3,BHB2HBte,NaN,-1000,NaN
CT22,CN10,ADK3,BHBACACte,NaN,1000,NaN
CT22,CN10,ADK3,BHBLACte,NaN,-1000,NaN
CT22,CN10,ADK3,BHBRETNte,NaN,-1000,NaN
CT22,CN10,ADK3,BILDGLUCRabc,NaN,0,NaN
CT22,CN10,ADK3,BILGLCURt5e,NaN,0,NaN
CT22,CN10,ADK3,BILGLCURtr,NaN,0,NaN
CT22,CN10,ADK3,BUTACACte,NaN,-1000,NaN
CT22,CN10,ADK3,BUTBHBte,NaN,1000,NaN
CT22,CN10,ADK3,BUTLACte,NaN,-1000,NaN
CT22,CN10,ADK3,BUTRETNte,NaN,1000,NaN
CT22,CN10,ADK3,C204CPT1,NaN,0,NaN
CT22,CN10,ADK3,CACT7p,NaN,0,NaN
CT22,CN10,ADK3,CAtm7,NaN,0,NaN
CT22,CN10,ADK3,CATp,NaN,0,NaN
CT22,CN10,ADK3,CBPPer,NaN,0.00336892768174599,NaN
CT22,CN10,ADK3,CBPSam,NaN,0,NaN
CT22,CN10,ADK3,CBPter,NaN,0.00336892768177677,NaN
CT22,CN10,ADK3,CDPDAGtm,NaN,0,NaN
CT22,CN10,ADK3,CDSm,NaN,0,NaN
CT22,CN10,ADK3,CHAT,NaN,0,NaN
CT22,CN10,ADK3,CHATn,NaN,0,NaN
CT22,CN10,ADK3,CHOLATEt2,NaN,0,NaN
CT22,CN10,ADK3,CHOLESTTDe,NaN,0,NaN
CT22,CN10,ADK3,CHOLt4,NaN,0.00317643030416548,NaN
CT22,CN10,ADK3,CHOLtg,NaN,0,NaN
CT22,CN10,ADK3,CHOLtn,NaN,0,NaN
CT22,CN10,ADK3,CHOLtr,NaN,0,NaN
CT22,CN10,ADK3,CHSTEROLt,NaN,0,NaN
CT22,CN10,ADK3,CITRte,NaN,0,NaN
CT22,CN10,ADK3,CITtam,NaN,-0.208624431171756,NaN
CT22,CN10,ADK3,CITte,NaN,1000,NaN
CT22,CN10,ADK3,CLCFTRte,NaN,-1000,NaN
CT22,CN10,ADK3,CO2t,NaN,-0.246855901504318,NaN
CT22,CN10,ADK3,CORE2GTg,NaN,0,NaN
CT22,CN10,ADK3,CRNCARtp,NaN,0,NaN
CT22,CN10,ADK3,CRTSLt,NaN,0,NaN
CT22,CN10,ADK3,CRTSLtm,NaN,0,NaN
CT22,CN10,ADK3,CRTSTRNt,NaN,0,NaN
CT22,CN10,ADK3,CRTSTRNtm,NaN,0,NaN
CT22,CN10,ADK3,CSNATp,NaN,0,NaN
CT22,CN10,ADK3,CSNATr,NaN,0,NaN
CT22,CN10,ADK3,CTPtm,NaN,0,NaN
CT22,CN10,ADK3,CYTD,NaN,0,NaN
CT22,CN10,ADK3,CYTDn,NaN,0.0139733868738836,NaN
CT22,CN10,ADK3,CYTDt,NaN,-1000,NaN
CT22,CN10,ADK3,CYTDt4,NaN,1000,NaN
CT22,CN10,ADK3,CYTDtn,NaN,0.0139733868738858,NaN
CT22,CN10,ADK3,CYTK3,NaN,0.00031486232642922,NaN
CT22,CN10,ADK3,DALAOXx,NaN,0,NaN
CT22,CN10,ADK3,DALAxt,NaN,0,NaN
CT22,CN10,ADK3,DCYTD,NaN,0.000182925607566011,NaN
CT22,CN10,ADK3,DHCHOLESTANATEATP,NaN,0,NaN
CT22,CN10,ADK3,DHCHOLESTANATEt,NaN,0,NaN
CT22,CN10,ADK3,DHPR2,NaN,0.0023212869742633,NaN
CT22,CN10,ADK3,DHSPMDNABUT,NaN,0,NaN
CT22,CN10,ADK3,DINt,NaN,-1000,NaN
CT22,CN10,ADK3,DINt3e,NaN,1000,NaN
CT22,CN10,ADK3,DKMPPD1,NaN,0,NaN
CT22,CN10,ADK3,DKMPPD3,NaN,0,NaN
CT22,CN10,ADK3,DLNLCGCOAtcx,NaN,0,NaN
CT22,CN10,ADK3,DLNLCGCOAtr,NaN,0,NaN
CT22,CN10,ADK3,DM_dsT_antigen[g],NaN,0,NaN
CT22,CN10,ADK3,DM_sTn_antigen[g],NaN,0,NaN
CT22,CN10,ADK3,DOPABMO,NaN,0,NaN
CT22,CN10,ADK3,DOPASFt,NaN,0,NaN
CT22,CN10,ADK3,DOPASULT,NaN,0,NaN
CT22,CN10,ADK3,DOPAt4_2_r,NaN,0,NaN
CT22,CN10,ADK3,DOPAVESSEC,NaN,0,NaN
CT22,CN10,ADK3,DURIK1,NaN,0.000182925607566011,NaN
CT22,CN10,ADK3,DURIPP,NaN,0,NaN
CT22,CN10,ADK3,DUTCP,NaN,-0.0139733868738858,NaN
CT22,CN10,ADK3,ESTRADIOLtr,NaN,0,NaN
CT22,CN10,ADK3,ESTRONEtr,NaN,0,NaN
CT22,CN10,ADK3,EX_34dhoxpeg(e),NaN,0,NaN
CT22,CN10,ADK3,EX_3mlda(e),NaN,0,NaN
CT22,CN10,ADK3,EX_4abut(e),NaN,0,NaN
CT22,CN10,ADK3,EX_4abutn(e),NaN,0.00790038525785132,NaN
CT22,CN10,ADK3,EX_5htrp(e),NaN,0,NaN
CT22,CN10,ADK3,EX_ach(e),NaN,0,NaN
CT22,CN10,ADK3,EX_adrnl(e),NaN,0,NaN
CT22,CN10,ADK3,EX_bilglcur(e),NaN,0,NaN
CT22,CN10,ADK3,EX_cit(e),NaN,0,NaN
CT22,CN10,ADK3,EX_citr_L(e),NaN,0,NaN
CT22,CN10,ADK3,EX_crtsl(e),NaN,0,NaN
CT22,CN10,ADK3,EX_crtstrn(e),NaN,0,NaN
CT22,CN10,ADK3,EX_dopasf(e),NaN,0,NaN
CT22,CN10,ADK3,EX_fol(e),NaN,-0.1,NaN
CT22,CN10,ADK3,EX_fucfucfucgalacglc13galacglcgal14acglcgalgluside_hs(e),NaN,0,NaN
CT22,CN10,ADK3,EX_galacglcgalgbside_hs(e),NaN,0,NaN
CT22,CN10,ADK3,EX_galgalfucfucgalacglcgalacglcgal14acglcgalgluside_hs(e),NaN,0,NaN
CT22,CN10,ADK3,EX_gq1balpha_hs(e),NaN,0,NaN
CT22,CN10,ADK3,EX_hco3(e),NaN,-999.698826441625,NaN
CT22,CN10,ADK3,EX_hista(e),NaN,0,NaN
CT22,CN10,ADK3,EX_homoval(e),NaN,0.0023212869742633,NaN
CT22,CN10,ADK3,EX_ileargile(e),NaN,0.0480012467415597,NaN
CT22,CN10,ADK3,EX_isomal(e),NaN,0,NaN
CT22,CN10,ADK3,EX_ksi(e),NaN,0,NaN
CT22,CN10,ADK3,EX_meoh(e),NaN,0,NaN
CT22,CN10,ADK3,EX_n2m2nmasn(e),NaN,0,NaN
CT22,CN10,ADK3,EX_nrpphrsf(e),NaN,0,NaN
CT22,CN10,ADK3,EX_thf(e),NaN,0.1,NaN
CT22,CN10,ADK3,EX_triodthysuf(e),NaN,0,NaN
CT22,CN10,ADK3,EX_valleuphe(e),NaN,0,NaN
CT22,CN10,ADK3,EX_valval(e),NaN,0.0475364220271999,NaN
CT22,CN10,ADK3,F6T2g,NaN,0,NaN
CT22,CN10,ADK3,FADFADH2tm,NaN,-0.00790038525781256,NaN
CT22,CN10,ADK3,FAE181,NaN,0.00790038525785132,NaN
CT22,CN10,ADK3,FAE200,NaN,0,NaN
CT22,CN10,ADK3,FAE201,NaN,0,NaN
CT22,CN10,ADK3,FAE2031,NaN,0,NaN
CT22,CN10,ADK3,FAE220,NaN,0,NaN
CT22,CN10,ADK3,FAE221,NaN,0,NaN
CT22,CN10,ADK3,FAE224,NaN,0,NaN
CT22,CN10,ADK3,FAE240,NaN,0,NaN
CT22,CN10,ADK3,FAE241,NaN,0,NaN
CT22,CN10,ADK3,FAE244,NaN,0,NaN
CT22,CN10,ADK3,FAE260,NaN,0,NaN
CT22,CN10,ADK3,FBA3,NaN,0.00390947417952248,NaN
CT22,CN10,ADK3,FCYTOB5OXRr,NaN,0.00818545632346542,NaN
CT22,CN10,ADK3,FOLR2,NaN,0.1,NaN
CT22,CN10,ADK3,FOLt2,NaN,0.100000000000023,NaN
CT22,CN10,ADK3,FORBHBte,NaN,-1000,NaN
CT22,CN10,ADK3,FORBUTte,NaN,1000,NaN
CT22,CN10,ADK3,FORLACte,NaN,-999.956343267878,NaN
CT22,CN10,ADK3,FORPPAte,NaN,-1000,NaN
CT22,CN10,ADK3,FORRETNte,NaN,-1000,NaN
CT22,CN10,ADK3,FUCFUCFUCGALACGLC13GALACGLCGAL14ACGLCGALGLUSIDEte,NaN,0,NaN
CT22,CN10,ADK3,FUCFUCFUCGALACGLC13GALACGLCGAL14ACGLCGALGLUSIDEtg,NaN,0,NaN
CT22,CN10,ADK3,FUT18g,NaN,0,NaN
CT22,CN10,ADK3,FUT910g,NaN,0,NaN
CT22,CN10,ADK3,FUT911g,NaN,0,NaN
CT22,CN10,ADK3,FUT99g,NaN,0,NaN
CT22,CN10,ADK3,G14T10g,NaN,0,NaN
CT22,CN10,ADK3,G14T11g,NaN,0,NaN
CT22,CN10,ADK3,G14T12g,NaN,0,NaN
CT22,CN10,ADK3,G14T13g,NaN,0,NaN
CT22,CN10,ADK3,G14T14g,NaN,0,NaN
CT22,CN10,ADK3,G14T15g,NaN,0,NaN
CT22,CN10,ADK3,G14T16g,NaN,0,NaN
CT22,CN10,ADK3,G14T17g,NaN,0,NaN
CT22,CN10,ADK3,G14T2g,NaN,0,NaN
CT22,CN10,ADK3,G14T3g,NaN,0,NaN
CT22,CN10,ADK3,G14T4g,NaN,0,NaN
CT22,CN10,ADK3,G14T5g,NaN,0,NaN
CT22,CN10,ADK3,G14T6g,NaN,0,NaN
CT22,CN10,ADK3,G14T7g,NaN,0,NaN
CT22,CN10,ADK3,G14T8g,NaN,0,NaN
CT22,CN10,ADK3,G14T9g,NaN,0,NaN
CT22,CN10,ADK3,G5SADr,NaN,-0.00790038525781256,NaN
CT22,CN10,ADK3,G6PDH2r,NaN,0.0552740976600035,NaN
CT22,CN10,ADK3,G6PPer,NaN,0,NaN
CT22,CN10,ADK3,GABAVESSEC,NaN,0,NaN
CT22,CN10,ADK3,GALACGLCGALGBSIDEte,NaN,0,NaN
CT22,CN10,ADK3,GALACGLCGALGBSIDEtg,NaN,0,NaN
CT22,CN10,ADK3,GALASE16ly,NaN,0,NaN
CT22,CN10,ADK3,GALGALFUCFUCGALACGLCGALACGLCGAL14ACGLCGALGLUSIDEte,NaN,0,NaN
CT22,CN10,ADK3,GALGALFUCFUCGALACGLCGALACGLCGAL14ACGLCGALGLUSIDEtg,NaN,0,NaN
CT22,CN10,ADK3,GALt4,NaN,999.024457317748,NaN
CT22,CN10,ADK3,GCHOLAt2,NaN,1000,NaN
CT22,CN10,ADK3,GCHOLAte,NaN,-1000,NaN
CT22,CN10,ADK3,GCNTg,NaN,0,NaN
CT22,CN10,ADK3,GLCt4_2,NaN,1,NaN
CT22,CN10,ADK3,GLCter,NaN,0.00336892768177677,NaN
CT22,CN10,ADK3,GLU5SAtmc,NaN,-0.00790038525781256,NaN
CT22,CN10,ADK3,GLUDC,NaN,0,NaN
CT22,CN10,ADK3,GLUVESSEC,NaN,0,NaN
CT22,CN10,ADK3,GLYALDORy,NaN,0,NaN
CT22,CN10,ADK3,GLYC3Ptm,NaN,499.313082529486,NaN
CT22,CN10,ADK3,GLYC3Ptmc,NaN,499.313082529486,NaN
CT22,CN10,ADK3,GLYCK2,NaN,0,NaN
CT22,CN10,ADK3,GLYt7_211_r,NaN,-0.0543176568705803,NaN
CT22,CN10,ADK3,GLYt7_311_r,NaN,-1000,NaN
CT22,CN10,ADK3,GLYVESSEC,NaN,0,NaN
CT22,CN10,ADK3,GMPS,NaN,0.0442997175187594,NaN
CT22,CN10,ADK3,GND,NaN,0.0552740976599499,NaN
CT22,CN10,ADK3,GPCCPDE,NaN,0,NaN
CT22,CN10,ADK3,GQ1BALPHAte,NaN,0,NaN
CT22,CN10,ADK3,GQ1BALPHAtg,NaN,0,NaN
CT22,CN10,ADK3,GSNt,NaN,-1000,NaN
CT22,CN10,ADK3,GSNt4,NaN,1000,NaN
CT22,CN10,ADK3,GTHDH,NaN,0,NaN
CT22,CN10,ADK3,GTHP,NaN,0,NaN
CT22,CN10,ADK3,GTPGDPtm,NaN,-0.179790206723965,NaN
CT22,CN10,ADK3,GUACYC,NaN,0,NaN
CT22,CN10,ADK3,H2Otn,NaN,-0.0279467737477717,NaN
CT22,CN10,ADK3,HACD181,NaN,0.00790038525781256,NaN
CT22,CN10,ADK3,HACD200,NaN,0,NaN
CT22,CN10,ADK3,HACD201,NaN,0,NaN
CT22,CN10,ADK3,HACD2031,NaN,0,NaN
CT22,CN10,ADK3,HACD220,NaN,0,NaN
CT22,CN10,ADK3,HACD221,NaN,0,NaN
CT22,CN10,ADK3,HACD224,NaN,0,NaN
CT22,CN10,ADK3,HACD240,NaN,0,NaN
CT22,CN10,ADK3,HACD241,NaN,0,NaN
CT22,CN10,ADK3,HACD244,NaN,0,NaN
CT22,CN10,ADK3,HACD260,NaN,0,NaN
CT22,CN10,ADK3,HCO3_NAt,NaN,1000,NaN
CT22,CN10,ADK3,HCO3Ee,NaN,-999.753144098496,NaN
CT22,CN10,ADK3,HCO3tm,NaN,0,NaN
CT22,CN10,ADK3,HEXCCOAtr,NaN,0,NaN
CT22,CN10,ADK3,HISDC,NaN,0,NaN
CT22,CN10,ADK3,HISTAVESSEC,NaN,0,NaN
CT22,CN10,ADK3,HOMOVALte,NaN,0.00232128697427925,NaN
CT22,CN10,ADK3,HSD17B1,NaN,0,NaN
CT22,CN10,ADK3,HSD17B8r,NaN,0,NaN
CT22,CN10,ADK3,HSD181,NaN,0.00790038525781256,NaN
CT22,CN10,ADK3,HSD200,NaN,0,NaN
CT22,CN10,ADK3,HSD201,NaN,0,NaN
CT22,CN10,ADK3,HSD2031,NaN,0,NaN
CT22,CN10,ADK3,HSD220,NaN,0,NaN
CT22,CN10,ADK3,HSD221,NaN,0,NaN
CT22,CN10,ADK3,HSD224,NaN,0,NaN
CT22,CN10,ADK3,HSD240,NaN,0,NaN
CT22,CN10,ADK3,HSD241,NaN,0,NaN
CT22,CN10,ADK3,HSD244,NaN,0,NaN
CT22,CN10,ADK3,HSD260,NaN,0,NaN
CT22,CN10,ADK3,HSD3B11r,NaN,0,NaN
CT22,CN10,ADK3,HSD3B13r,NaN,0,NaN
CT22,CN10,ADK3,ICDHxrm,NaN,-0.00513127918100054,NaN
CT22,CN10,ADK3,IDHPOXOX2b,NaN,0,NaN
CT22,CN10,ADK3,IDHPOXOX3,NaN,0,NaN
CT22,CN10,ADK3,IDHPOXOXb,NaN,0,NaN
CT22,CN10,ADK3,ILEARGILEr,NaN,-0.0480012467415918,NaN
CT22,CN10,ADK3,ILEARGILEt,NaN,-0.0480012467415918,NaN
CT22,CN10,ADK3,IMAGH,NaN,0,NaN
CT22,CN10,ADK3,INSt,NaN,-1000,NaN
CT22,CN10,ADK3,INSt4,NaN,1000,NaN
CT22,CN10,ADK3,It,NaN,0,NaN
CT22,CN10,ADK3,ITCOAL1m,NaN,0.0051312791810538,NaN
CT22,CN10,ADK3,KSII_CORE2t,NaN,0,NaN
CT22,CN10,ADK3,KSII_CORE2tly,NaN,0,NaN
CT22,CN10,ADK3,KSIt,NaN,0,NaN
CT22,CN10,ADK3,LACLt,NaN,0,NaN
CT22,CN10,ADK3,LACRETNte,NaN,-1000,NaN
CT22,CN10,ADK3,LARGtiDF,NaN,0.0530213257098922,NaN
CT22,CN10,ADK3,LDH_Lp,NaN,0,NaN
CT22,CN10,ADK3,LNLNCGCOAtr,NaN,0,NaN
CT22,CN10,ADK3,LNLNCGCOAtx,NaN,0,NaN
CT22,CN10,ADK3,LRAT1,NaN,0,NaN
CT22,CN10,ADK3,LRAT2,NaN,0,NaN
CT22,CN10,ADK3,M1316M2g,NaN,0,NaN
CT22,CN10,ADK3,M14NTg,NaN,0,NaN
CT22,CN10,ADK3,MACOXO,NaN,0,NaN
CT22,CN10,ADK3,MAOX,NaN,0,NaN
CT22,CN10,ADK3,MDHm,NaN,0.115158736208627,NaN
CT22,CN10,ADK3,MDRPD,NaN,0,NaN
CT22,CN10,ADK3,ME1m,NaN,0,NaN
CT22,CN10,ADK3,ME2m,NaN,0.0934656949631002,NaN
CT22,CN10,ADK3,MEOHt2,NaN,0,NaN
CT22,CN10,ADK3,MHISOR,NaN,0,NaN
CT22,CN10,ADK3,MI145PP,NaN,0,NaN
CT22,CN10,ADK3,MI14PP,NaN,0,NaN
CT22,CN10,ADK3,MI1PP,NaN,0.00667579955238478,NaN
CT22,CN10,ADK3,MI4PP,NaN,0,NaN
CT22,CN10,ADK3,MTAP,NaN,0,NaN
CT22,CN10,ADK3,MTHFC,NaN,0.090468599106091,NaN
CT22,CN10,ADK3,MTHFD,NaN,0.0904685991060887,NaN
CT22,CN10,ADK3,MTHFR3x,NaN,-0.00232128697427925,NaN
CT22,CN10,ADK3,MTRI,NaN,0,NaN
CT22,CN10,ADK3,N2M2NMASNt,NaN,0,NaN
CT22,CN10,ADK3,N3Tg,NaN,0,NaN
CT22,CN10,ADK3,NACHEX23ly,NaN,0,NaN
CT22,CN10,ADK3,NADH2_u10m,NaN,0.388414637895716,NaN
CT22,CN10,ADK3,NADHtru,NaN,0.00818545632346542,NaN
CT22,CN10,ADK3,NADtru,NaN,0.00818545632364476,NaN
CT22,CN10,ADK3,NAHCO3_HCLt,NaN,-0.0543176568705803,NaN
CT22,CN10,ADK3,NAt3_1,NaN,-1000,NaN
CT22,CN10,ADK3,NAt5,NaN,-1000,NaN
CT22,CN10,ADK3,NAtm,NaN,0,NaN
CT22,CN10,ADK3,NDP6,NaN,0.000182925607566011,NaN
CT22,CN10,ADK3,NH4t3r,NaN,-999.786333174361,NaN
CT22,CN10,ADK3,NH4tn,NaN,-0.0139733868738858,NaN
CT22,CN10,ADK3,NH4tp,NaN,0,NaN
CT22,CN10,ADK3,NH4tr,NaN,0.00336892768177677,NaN
CT22,CN10,ADK3,NORANMT,NaN,0,NaN
CT22,CN10,ADK3,NRPPHRSFt,NaN,0,NaN
CT22,CN10,ADK3,NRPPHRSULT,NaN,0,NaN
CT22,CN10,ADK3,NRPPHRt4_2_r,NaN,0,NaN
CT22,CN10,ADK3,NRPPHRVESSEC,NaN,0,NaN
CT22,CN10,ADK3,NRVNCCOAtr,NaN,0,NaN
CT22,CN10,ADK3,NS26T2g,NaN,0,NaN
CT22,CN10,ADK3,NS26Tg,NaN,0,NaN
CT22,CN10,ADK3,NTD3,NaN,0.000182925607566011,NaN
CT22,CN10,ADK3,NTD7e,NaN,0,NaN
CT22,CN10,ADK3,O2St,NaN,0,NaN
CT22,CN10,ADK3,OCBTm,NaN,0,NaN
CT22,CN10,ADK3,OCDCEACRNtr,NaN,-1000,NaN
CT22,CN10,ADK3,OCTD11ECOAtr,NaN,0.00790038525781256,NaN
CT22,CN10,ADK3,ORNDC,NaN,0.00790038525785132,NaN
CT22,CN10,ADK3,ORNTArm,NaN,-0.00790038525781256,NaN
CT22,CN10,ADK3,P45011B11m,NaN,0,NaN
CT22,CN10,ADK3,P45011B12m,NaN,0,NaN
CT22,CN10,ADK3,P45017A1r,NaN,0,NaN
CT22,CN10,ADK3,P45021A1r,NaN,0,NaN
CT22,CN10,ADK3,P45021A2r,NaN,0,NaN
CT22,CN10,ADK3,PA_HSter,NaN,0,NaN
CT22,CN10,ADK3,PA_HStg,NaN,0,NaN
CT22,CN10,ADK3,PCHOL_HSter,NaN,0,NaN
CT22,CN10,ADK3,PCHOL_HStg,NaN,0,NaN
CT22,CN10,ADK3,PCHOLP_hs,NaN,0.00366225701900241,NaN
CT22,CN10,ADK3,PCHOLPg_hs,NaN,0,NaN
CT22,CN10,ADK3,PCHOLPm_hs,NaN,0,NaN
CT22,CN10,ADK3,PCHOLPr_hs,NaN,0,NaN
CT22,CN10,ADK3,PDE4,NaN,0,NaN
CT22,CN10,ADK3,PEPCK,NaN,0,NaN
CT22,CN10,ADK3,PEPCKm,NaN,0,NaN
CT22,CN10,ADK3,PEPICITtm,NaN,0,NaN
CT22,CN10,ADK3,PFK_3,NaN,0.00390947417957516,NaN
CT22,CN10,ADK3,PGL,NaN,0.0552740976599499,NaN
CT22,CN10,ADK3,PI45PLC,NaN,0,NaN
CT22,CN10,ADK3,PI4P5K,NaN,0,NaN
CT22,CN10,ADK3,PI4PLC,NaN,0,NaN
CT22,CN10,ADK3,PIGTHRDLtm,NaN,0.0906965888863169,NaN
CT22,CN10,ADK3,PIK4,NaN,0,NaN
CT22,CN10,ADK3,PIPLC,NaN,0.00667579955238478,NaN
CT22,CN10,ADK3,PIt2e,NaN,999.985557568449,NaN
CT22,CN10,ADK3,PItn,NaN,0.0279467737477717,NaN
CT22,CN10,ADK3,PPA,NaN,0.193996932486573,NaN
CT22,CN10,ADK3,PPABHBte,NaN,-1000,NaN
CT22,CN10,ADK3,PPABUTte,NaN,1000,NaN
CT22,CN10,ADK3,PPALACte,NaN,-1000,NaN
CT22,CN10,ADK3,PPAn,NaN,0.0139733868738836,NaN
CT22,CN10,ADK3,PPARETNte,NaN,1000,NaN
CT22,CN10,ADK3,PPM2,NaN,0,NaN
CT22,CN10,ADK3,PRGNLONEtr,NaN,0,NaN
CT22,CN10,ADK3,PROD2,NaN,0.00790038525785132,NaN
CT22,CN10,ADK3,PTCRTD,NaN,-0.00790038525781256,NaN
CT22,CN10,ADK3,PTRCOR,NaN,0.00790038525785132,NaN
CT22,CN10,ADK3,PUNP1,NaN,0,NaN
CT22,CN10,ADK3,PYRACte,NaN,-0.0991390219114692,NaN
CT22,CN10,ADK3,PYRAKGte,NaN,0.00232128697427925,NaN
CT22,CN10,ADK3,PYRBHBte,NaN,1000,NaN
CT22,CN10,ADK3,PYRBUTte,NaN,1000,NaN
CT22,CN10,ADK3,PYRFORte,NaN,-999.956058196813,NaN
CT22,CN10,ADK3,PYRLACte,NaN,-1000,NaN
CT22,CN10,ADK3,PYRPPAte,NaN,1000,NaN
CT22,CN10,ADK3,PYRRETNte,NaN,-1000,NaN
CT22,CN10,ADK3,PYRt2r,NaN,-1000,NaN
CT22,CN10,ADK3,RADH,NaN,-1000,NaN
CT22,CN10,ADK3,RADH2,NaN,1000,NaN
CT22,CN10,ADK3,RAI1,NaN,1000,NaN
CT22,CN10,ADK3,RDH3a,NaN,-1000,NaN
CT22,CN10,ADK3,RETFA,NaN,0,NaN
CT22,CN10,ADK3,RETH1,NaN,0,NaN
CT22,CN10,ADK3,RETH2,NaN,0,NaN
CT22,CN10,ADK3,RETHc,NaN,0,NaN
CT22,CN10,ADK3,RETI1,NaN,-1000,NaN
CT22,CN10,ADK3,RIBFLVte,NaN,0,NaN
CT22,CN10,ADK3,RTOTALFATPc,NaN,0,NaN
CT22,CN10,ADK3,S23T2g,NaN,0,NaN
CT22,CN10,ADK3,S23T3g,NaN,0,NaN
CT22,CN10,ADK3,S23Tg,NaN,0,NaN
CT22,CN10,ADK3,S6T10g,NaN,0,NaN
CT22,CN10,ADK3,S6T11g,NaN,0,NaN
CT22,CN10,ADK3,S6T12g,NaN,0,NaN
CT22,CN10,ADK3,S6T13g,NaN,0,NaN
CT22,CN10,ADK3,S6T14g,NaN,0,NaN
CT22,CN10,ADK3,S6T15g,NaN,0,NaN
CT22,CN10,ADK3,S6T1g,NaN,0,NaN
CT22,CN10,ADK3,S6T2g,NaN,0,NaN
CT22,CN10,ADK3,S6T3g,NaN,0,NaN
CT22,CN10,ADK3,S6T4g,NaN,0,NaN
CT22,CN10,ADK3,S6T5g,NaN,0,NaN
CT22,CN10,ADK3,S6T6g,NaN,0,NaN
CT22,CN10,ADK3,S6T7g,NaN,0,NaN
CT22,CN10,ADK3,S6T8g,NaN,0,NaN
CT22,CN10,ADK3,S6T9g,NaN,0,NaN
CT22,CN10,ADK3,S6TASE22ly,NaN,0,NaN
CT22,CN10,ADK3,S6TASE23ly,NaN,0,NaN
CT22,CN10,ADK3,SAMHISTA,NaN,0,NaN
CT22,CN10,ADK3,SIAASE3ly,NaN,0,NaN
CT22,CN10,ADK3,SK_Ser/Thr[g],NaN,0,NaN
CT22,CN10,ADK3,SO4t4_3,NaN,-1000,NaN
CT22,CN10,ADK3,SPMDSH,NaN,0,NaN
CT22,CN10,ADK3,SPMS,NaN,0,NaN
CT22,CN10,ADK3,ST6GALNAC62,NaN,0,NaN
CT22,CN10,ADK3,SUCCACONtm,NaN,-0.184921485905079,NaN
CT22,CN10,ADK3,SUCOAS1m,NaN,-0.184921485905079,NaN
CT22,CN10,ADK3,TCHOLAt2,NaN,0,NaN
CT22,CN10,ADK3,TCHOLAte,NaN,0,NaN
CT22,CN10,ADK3,TECR181,NaN,0.00790038525781256,NaN
CT22,CN10,ADK3,TECR200,NaN,0,NaN
CT22,CN10,ADK3,TECR201,NaN,0,NaN
CT22,CN10,ADK3,TECR2031,NaN,0,NaN
CT22,CN10,ADK3,TECR220,NaN,0,NaN
CT22,CN10,ADK3,TECR221,NaN,0,NaN
CT22,CN10,ADK3,TECR224,NaN,0,NaN
CT22,CN10,ADK3,TECR240,NaN,0,NaN
CT22,CN10,ADK3,TECR241,NaN,0,NaN
CT22,CN10,ADK3,TECR244,NaN,0,NaN
CT22,CN10,ADK3,TECR260,NaN,0,NaN
CT22,CN10,ADK3,TETTET6COAtx,NaN,0,NaN
CT22,CN10,ADK3,THCHOLSTOICATP,NaN,0,NaN
CT22,CN10,ADK3,THCHOLSTOICt,NaN,0,NaN
CT22,CN10,ADK3,THFt2,NaN,-0.100000000000023,NaN
CT22,CN10,ADK3,THMDt4,NaN,1000,NaN
CT22,CN10,ADK3,THRA,NaN,0.0632030820628106,NaN
CT22,CN10,ADK3,THRCYSNaEx,NaN,0.0675724204044052,NaN
CT22,CN10,ADK3,THYMDt1,NaN,-1000,NaN
CT22,CN10,ADK3,THYPX,NaN,0,NaN
CT22,CN10,ADK3,THYRDI,NaN,0,NaN
CT22,CN10,ADK3,THYRDI2,NaN,0,NaN
CT22,CN10,ADK3,TRIODTHYSUFt,NaN,0,NaN
CT22,CN10,ADK3,TRIODTHYSULT,NaN,0,NaN
CT22,CN10,ADK3,TRITHYRSULFO,NaN,0,NaN
CT22,CN10,ADK3,TRPHYDRO2,NaN,0,NaN
CT22,CN10,ADK3,TTCTECOAtr,NaN,0,NaN
CT22,CN10,ADK3,TYR3MO2,NaN,0.0023212869742633,NaN
CT22,CN10,ADK3,UDPGCURtr,NaN,-1000,NaN
CT22,CN10,ADK3,UGT1A10r,NaN,0,NaN
CT22,CN10,ADK3,UMPK4,NaN,0.0155805359651834,NaN
CT22,CN10,ADK3,UMPtr,NaN,1000,NaN
CT22,CN10,ADK3,UNK2,NaN,0,NaN
CT22,CN10,ADK3,URIt,NaN,-998.233804441153,NaN
CT22,CN10,ADK3,URIt4,NaN,998.233804441153,NaN
CT22,CN10,ADK3,Uritn,NaN,-0.0139733868738858,NaN
CT22,CN10,ADK3,URPT,NaN,0,NaN
CT22,CN10,ADK3,VALLEUPHEr,NaN,0,NaN
CT22,CN10,ADK3,VALLEUPHEt,NaN,0,NaN
CT22,CN10,ADK3,VALVALr,NaN,-0.0475364220271786,NaN
CT22,CN10,ADK3,VALVALt,NaN,-0.0475364220271786,NaN
CT22,CN10,ADK3,XAO,NaN,0.0436567321217576,NaN
CT22,CN10,ADK3,ZN2te,NaN,1000,NaN
CT22,CN10,ADK3,ARTFR33,NaN,0.00790038525785132,NaN
CT22,CN10,ADK3,ARTFR45,NaN,0,NaN
CT22,CN10,ADK3,ARTFR52,NaN,0,NaN
CT22,CN10,ADK3,RTOT3,NaN,0.00888793341508273,NaN
CT22,CN10,ADK3,RTOT5,NaN,0,NaN
CT22,CN10,ADK3,ACITLn,NaN,0,NaN
CT22,CN10,ADK3,CITtn,NaN,0,NaN
CT22,CN10,ADK3,OAAtn,NaN,0,NaN
CT22,CN10,ADK3,ADPtn,NaN,0,NaN
